-1.8836272525787354
-1.4965034929911296
-0.9164346675078074
-0.6820240585009257
-0.5248965372641882
-0.40133536179860435
-0.22100514051814873
-0.1676548890893658
-0.08577456312254071
-0.07638488306974371
-0.0378932484642913
-0.020724693965942908
-0.032061897420013946
-0.018069775806507097
-0.023257854508895736
-0.010996393266444405
0.004175206038635224
0.026781872681652507
0.010703996704736103
0.012321322973972808
0.03301054276525974
0.03639090566740682
0.016521518257601807
0.0005576681547487776
-0.009299750987750788
-0.022142572602121314
-0.03513726553103576
-0.025374807116265097
-0.00019073634253193936
0.019905022432018693
0.03229097836612103
0.013392337104305626
0.026287498214126875
0.02894866787993427
0.01663275840039811
-0.018721335642039774
-0.007820794923851888
-0.017980405640167493
-0.014653501658079524
-0.0011096489274253448
0.02320623543850767
0.0314602809890251
0.025662046559154987
0.031703370491741226
0.02268719650339335
0.03022672353622814
0.019636008405747512
0.009539052181256315
0.006518986251515647
0.0004125233708570401
0.0011644479321936767
0.0005660793604329228
-0.006227334056360026
-0.021283190510973025
-0.006313515165820718
-0.013299183337949216
0.00812162087240722
0.004569058615791922
-0.006618704271192352
-0.005078642456792295
-0.004725124783193072
-0.0008649139191644887
-0.0025758245354518296
-0.004013693875361544
-0.009571230218668158
-0.018280820374687513
-0.011904398292923966
-0.03710225430938105
-0.04327465005684644
-0.05308924522522526
-0.05614040550542995
-0.04236093174666166
-0.012631352722334364
-0.004002670040354133
-0.0010455451239734734
-0.003504081058005492
0.008558332598768174
0.0031420096351454656
-0.009150530885284145
0.005019981839383642
-0.0002135523082688451
-0.0006859054424179097
0.017155759316907885
0.017637034673243762
0.006184567122254521
0.009304089775347772
0.004689088552258909
-0.000859348012600094
0.00229418040253222
0.007613506720566268
0.0015761656168615445
0.01647721544179755
0.016622819431747
0.00836906027359267
0.007338312248078485
0.01243205889632615
0.00647666169446893
0.005639333856136849
-0.004105857266113162
-0.009925052034668624
-0.006781981892418116
0.005663096860516816
-0.0049255873852719866
-0.001441002261514465
-0.012354296380653978
-0.005627178823536572
-0.011820657815163334
-0.008387004874336223
-0.002534712820779532
-0.010878241389679412
-0.0009405697773521145
0.00426488912353913
0.011738124521022353
0.011711662537418305
0.00690399854676798
0.01263043519264708
0.012123213082862397
0.0049990345281548795
0.0036326006683520973
0.008102229062836462
0.011287983018167627
0.00801842730899807
0.003050730535760522
0.0014066040981560945
-0.0001086589271047463
0.005403595162400355
0.0009541050509627287
0.008787805816779534
-0.0005792936674940089
0.009072978518136855
0.006824330603703857
-0.013710560260030131
-0.007464846497750841
-0.00946149872460713
-6.392088059025506e-05
-0.002570170944867035
-0.0024943771095907626
0.0031807479813384513
0.0064278820061978575
0.004014552679727786
-0.004807610004208982
-0.011167864912810426
-0.006732786059534798
-0.0013055933505529537
0.005810595834627747
0.00398181582801044
-0.012728321512889428
-0.0028628483787178994
-0.006321100144414231
-0.010594155721288795
-0.013611238131610056
-0.021833522794865227
-0.014288701318437234
-0.008236982968325417
-0.0045318093500100074
0.008863152172416448
0.007397243489819327
-0.0015021817510326703
-0.00508368595619686
0.006127416869470229
-0.0021437659153404334
-0.00468628758409371
-0.00030707327105725807
0.007327632581194242
0.016279276071096926
0.0156975651862255
0.01565742551254516
0.00995552926324308
-0.0009348087625888487
-0.0042009091268604
-0.006275998253840953
-0.011736501762643457
-0.004696666006930172
-0.000990056061806778
-0.007089281265313427
-0.005047368947416544
0.00021886044802765052
-0.0034524295032194157
-0.012502729547365258
-0.01870342469890602
-0.012612611030005307
-0.014584140463460547
-0.018058646159091342
-0.011353565643463905
-0.018714197194203735
-0.01722297213699979
-0.013342547006905079
0.001174802401025469
0.004896809185932701
0.014293694359560807
0.00471435158358266
0.0019346088434879978
-0.002798373919989293
-0.008582106055691839
-0.008643748157968124
-0.005825463914467643
-0.003703162241727114
0.0025075237540295348
-0.006530572089529111
-0.01463642829641079
-0.00704387232195586
-0.0015573534943784278
0.005652558457416793
0.0026269169477745893
-0.012691397801972926
0.005256927632726729
0.011732994704507291
0.007779366535445054
0.0004976783273741603
-6.617336286581122e-05
-0.01650965546568235
-0.006030076146125793
-0.005974293071776628
0.0033020332742792866
0.0037694108550203964
-0.011173359022165338
-0.008874849838515123
-0.010624735756791778
-0.01567911265262713
-0.01945765022964527
-0.008879768173549867
-0.012532393979296709
-0.017433642266939085
-0.0019162138112005778
0.010003166760628422
0.012101533299622436
0.009751242107401291
0.011211530432725946
0.0102310209829011
0.01085809504147619
0.010369812495773657
0.005331297392646471
0.016621744606333474
0.019779510227478266
0.013432853606839974
0.012098211447397868
0.007821216250304132
0.009006315463533004
0.005173873836174608
0.004565148762582491
0.012879249886318576
0.007471932504558936
-0.003981703676593801
-0.0003295751890012374
0.005145044752086202
6.317000836133957e-05
0.0006902536623723184
-0.004997258704776565
-0.010627875346690416
-0.012023901788828274
-0.023483686650482317
-0.020556104017887263
-0.015526791029454519
-0.023057348066940903
-0.011851884159259498
-0.009450327326388409
-0.006471383621295293
0.007476300782339725
0.006014682087115943
0.005259973995077113
0.001806262734074456
-0.002070640819147229
-0.004954050169326365
0.006820694226771593
-0.010172277258243411
-0.01344949886823694
-0.01218631404355013
0.0005455404958532502
-0.004623967534086356
-0.006322554211365059
-0.005074437942045431
-0.006375949199621876
-0.0008912086847703903
0.001946492799712966
0.007882916115534802
0.011314153424076115
0.02110329389843779
0.01889585638574014
0.011089358221894751
0.013283069202055534
0.02277220562682487
0.024525504253494243
0.01687807292677462
0.014152533488037685
0.011536730527877808
0.010734783827016751
0.0005584694885571176
0.009527526409365238
0.01095420350941519
0.021075225693639368
0.021071086094210236
0.012859904682263732
0.01636480825409914
0.011092697316392635
0.011493398372549564
0.008139302120447004
0.004766036647973427
0.004080425890473028
0.0017781753124048313
0.001911303425828616
0.005325478836117933
0.000672244569286704
-0.0029034225227466473
-0.002203136603347957
0.0014580366434529424
0.003705540979281068
-0.005388759298172469
0.007715088727418333
0.014324875356784712
0.002168225219162802
-0.0030654417358649275
-0.012951219983709355
-0.00425129629438743
0.0022739616641774775
-0.0006544642026225726
0.004427682966149101
0.0012473923775056998
0.0030012595343093078
0.0018041968081767361
0.017236027980688958
0.008826334859089305
0.001842068531550467
-0.00042313251178711654
-0.004031519883622726
-0.003443883313642194
-0.001099999782939752
0.010203896133073915
0.010321513946012904
0.007344026434390495
0.007380560779129155
0.003096435113499562
0.0026498659979552032
-0.0008164666344722112
0.0036388598372771716
0.0028397760920537015
-0.00799832408161213
-0.006531307831949865
-0.0006130860093981027
-0.004191581197082996
-0.010101416244482
-0.013992670034058392
-0.008334468550359209
-0.011724628056787575
0.009200277057243512
0.014073217617503056
0.00538027923554182
0.0035297107238632937
0.007337511929993828
0.000287860703926223
0.008841874492354691
0.016297972954974586
0.003296439660092195
-0.010584206028530996
-0.01205514804382498
-0.015119618914710978
-0.015040999142608294
-0.015663367794525887
-0.007421924268516402
-0.006387392581285288
-0.006281142409425229
-0.0005141050353025397
0.006651753099480023
0.005496585743967444
-0.001426241520481805
0.002780186083788673
0.008247286291637769
0.009653288871049881
0.004951393725350499
0.00697522780741565
0.0064839433595867985
-0.0007859695019821326
-0.0008421769614020984
0.004820211511105299
-0.0014814311844141533
-0.006947723055879275
0.004466323993789653
-0.006156394130860766
-0.004921804570282499
-0.004643548991492328
-0.012538213059694195
-0.007750281984529769
0.009059950911129514
0.010941044128655146
0.006849637165044745
0.011917997069346408
0.005302286399528384
-0.00462444309455653
-0.0191282155973992
-0.026987582431174814
-0.032494363762671126
-0.02663125324839105
-0.023824225017645705
-0.017713232864625752
-0.020267275121368583
-0.014093850528200468
-0.01877196745791783
-0.022635969296097756
-0.01928479712534075
-0.014598890933169363
-0.0063247762981336565
-0.007055505324436429
-0.005586512198400063
-0.008245418230071664
-0.005584227644527952
-0.0033156571568300325
0.0037382506144543488
-0.0017355969982842604
0.008620540484165152
0.014629479101859032
0.014431692739017309
0.005783377576929828
0.004780427523267766
-0.008884811714136352
-0.012032690736620376
-0.010964988575239355
-0.01563701612719645
-0.010271085106457273
-0.010031045950793972
-0.0026104093361451913
0.001596858628715078
0.0008630852340623581
-0.001976353022037074
0.0035252164209183924
0.005811380743980407
0.008248620452359318
0.0028257229396452506
0.0040004460553367
-0.0012133196947009613
-0.00013050811210026344
-0.0030436115999085207
-0.0053248111771730085
-0.009282177042526504
-0.013516700059796372
-0.017494561914354563
-0.012785702347755432
-0.0073935981498410306
-0.008065914391093732
0.007965418317665656
0.008842992935872948
0.00023985010804608464
0.005755471516361771
0.00030122896781297945
0.00047931490000337364
-0.004605411981853346
-0.00332903681943814
-0.0031032730840767422
-0.005868221020015578
0.004451421632741888
0.005677724229171872
0.001976879082309703
-0.003022231101834526
0.002732972396770492
0.0046345875493716444
0.0017056555906310679
0.005679421216870348
-0.005527399405837059
-0.004342474977796276
-0.013257420654408634
-0.015928139864311863
-0.003656559691298753
0.0020970709117439884
0.003705791093719502
0.014074381105892826
0.006738501970345775
0.00014562174212187529
-0.0006474899756722152
0.0016962988868666192
0.0038863845518790187
0.011111522008820126
0.004430259468693597
0.004313496455239753
0.0022711647332956395
0.003938151113300895
0.008191510573960841
0.002871444650615255
0.004494272792362608
0.0019045052491128444
0.003234866849767665
-0.005822611400217284
-0.004916643360629678
-0.0057707965715477864
-0.01251025811303407
-0.010710750149252515
-0.006805555219762028
-0.00036191761183242
-0.005181702585735669
-0.012015256990368168
-0.017826377352078756
-0.012384860680128137
-0.009023293652571738
0.002321882994535069
0.0019655242916875675
0.011338723410541813
0.007563338121399283
0.0012776377021024624
-0.004156268639004945
-0.00014507646051545938
0.004877169930065672
0.005793635140483578
0.0036063431341123455
-0.016782601916929707
-0.01476249828003347
-0.01387124451963852
-0.009254696673403184
-0.0071083972610843675
-0.006790296197868884
-0.0003183274297043681
-0.00547323719287912
-0.00021416064351797103
-0.0033668624446727335
0.0029003355578364185
-0.00021585313913722833
0.0014961702283471823
-0.00721564785266916
-0.0013020189727346101
-0.0024764105848347146
-0.01150687512611815
-0.013485716562803039
-0.01463241944865634
-0.009525593250679473
-0.01381104844796937
-0.0011091338680125774
5.247018377607067e-05
-0.006788826453266665
-0.0017917311013055345
0.004169541766750626
0.005395004813326523
0.0030621383370210728
-0.0013274267214971284
-0.003031656412567827
-0.00994920907309279
0.0020271527262715004
-0.005474092405444632
0.0037442392691082204
0.002965416763909161
0.001591233703463028
0.005141710873382787
0.009282475448756789
0.005759897279931465
0.006541382473272582
0.008281395360827446
0.005939478445410108
-0.006189596156279246
-0.019786661074807248
-0.02553698544584525
-0.025273068548704033
-0.017353169439981383
-0.013999781023400526
-0.0054472331665601816
-0.008224981409342339
-0.004787634014307211
-0.010092189581288645
-0.018386127429548652
-0.013284499322374662
0.0007328480761498213
0.00012389402176874378
-0.0025990954887432356
-0.011900073112143824
-0.017254362917932062
-0.025448543811216952
-0.01801404172865053
-0.017632468286901713
-0.021303106161455313
-0.025256145913153887
-0.018058267696760597
-0.020390281931807596
-0.006277586437839394
-0.005010782243528714
-0.010067221337618927
-0.0021641220352224383
-0.010358424028381705
-0.007654619046176473
-0.004434111721348017
-0.010748817983549088
0.008959283178440577
0.0024147880615782926
0.013321808751982947
0.008202694395246605
0.00500519881490618
0.011718595682517237
-0.0029407123487908394
0.0023233623259390395
0.020523903562376898
0.015935229298338526
0.008865760508924722
0.01220185320203503
0.01151076028084693
0.004595300992950797
0.0064488970686215905
0.0022018955003780625
0.0011767898577575882
-0.0022628333574781817
-0.0013433252364241828
-0.0011697882041335106
0.0011046545376302674
0.002042125497634212
-0.0005452798345747093
-0.004891900535052021
-0.005916848133007685
-0.00396148887462914
-0.016250150772975758
-0.019895468385269243
-0.006144559519986312
0.003167230022760729
-0.008416036698423947
0.007850862589354317
0.0008957183413440361
-0.003959765371400863
-0.006534587839366092
-0.015299951465179523
-0.005541811427101493
-0.006854929175751749
-0.006472496179242929
-0.006207871344716598
-0.004764284032086531
0.005324481305821489
-0.002325009988465657
-0.007233801026814035
-0.012567140667039591
-0.012157794428057969
-0.006814605889570278
-4.402031811575095e-05
-0.007846100247697906
-0.004550805777932207
-0.003968298922700342
0.002187579654273577
0.0032083182549104096
0.0019919358651774625
0.005850094033715626
0.003818375697058703
0.009737259246176109
0.013540777542317906
0.0035263753983114537
0.002105157279099027
-0.0015317867510020733
0.00644735534209758
0.0031716630747541785
0.0036076228487460565
0.008946996070444585
-0.003926939169565837
-0.004108603251321862
7.429400458931923e-05
0.010081672583085795
0.007384753293978671
0.007831219898847242
0.0062517797706338266
0.00956244678546985
0.006076012396564087
-0.00602551880137374
-0.012794380635023117
-0.023733063989008468
-0.015189797552884556
-0.009162934594787658
0.0026950232722447254
0.0004782135738059878
-0.006795282470993698
-0.008144520901453992
-0.009910884509639194
-0.01614845248986967
-0.019004640399167935
-0.011652465222092966
-0.0036730964868911544
-0.005578688620298635
-0.005228847979257504
0.005845827742790182
0.008099092034002145
0.019669268120390673
0.013804599941940977
0.014016721984371544
0.007926608488584558
-0.001018542603123933
-0.001269140742563953
0.005249400096169363
0.007042270773090422
0.011653233800704281
0.0011143950966652483
-0.0064263188932091
-0.013284441477929553
-0.016442272464434304
-0.004981202371418476
-0.015928760748308075
-0.019306156498302394
-0.02245427589553098
-0.011639775356743485
-0.00024010562570765616
-0.0001079511873346443
-0.006536204864581426
0.0021410795704772073
-0.0014188486933320139
-0.0013556820678544076
-0.007916025083201626
-0.007785274055786431
0.003201575611019507
0.007655466090266903
0.003235102351754904
-0.00030301510666807494
0.00260066104043896
0.005175098658849795
-0.0013344553066417576
-0.006128372928360477
-0.0017534099239856005
-0.0007309249866132935
-0.005112047611425321
0.004026822512969375
-0.007416909436384836
-0.01465350620021733
-0.015505709774636974
-0.005728868579802413
-0.0006580467848107219
-0.0025676614049977313
-0.004029421013159056
-0.006486677723587491
-0.019551081640723472
-0.008104483036634823
-0.003841379796504043
0.0032417625613743437
-0.00737622397384257
-0.013221103372052312
-0.019622821599865954
-0.012458121818490327
-0.007929265049751848
0.0036166023082720737
-0.007075446713133715
0.0014612587696562211
0.011176846681628376
0.0038148010281535485
0.007547610515418152
0.007244115686044097
0.0029389268528514853
-0.002268331239465624
-0.0037898283366424343
-0.01714233881716306
-0.02852688386881103
-0.02397404653059008
-0.02534111703746021
-0.01084782793186605
-0.013726103156805038
0.0023582320253384146
-0.0042519642591166
-0.0006281654352399831
-0.00707705115666613
-0.007079501478001475
-0.00035975045244413195
-0.002246662931671987
-0.003152757710001121
-0.003128913474890093
0.0010911696427501737
-0.007008282430081939
-0.012360331647020455
-0.013223445296365146
-0.02336905611678958
-0.018685376185458152
-0.006246014107018709
-0.002067551196863254
-0.0017706985243906577
-0.01281820640899241
-0.014271042376446228
-0.014435844693992598
-0.008943082773281883
0.010835743345475445
0.009670156095235144
0.008718972543332105
-0.0029168343590572476
-0.00943297206889838
-0.008417203767069927
0.003913931207401523
0.01034603147379433
0.008052779178445537
0.010807268152323862
0.009932242965636153
0.011834442082132834
0.0050009330778266305
0.0042499095837896066
0.013626715830663064
0.014568774077730873
0.003164759133166323
0.010630670823156834
-0.00017850913107395172
-0.013679876361663143
-0.01881374726809251
-0.000228367424570024
0.004564662150417765
0.0043054157349979505
0.00023130009804541866
0.004854660844430327
-0.00232863856634746
-0.005363522000455608
-0.0018670787010341883
0.0041557302186265585
-0.018164962116085613
-0.01738126556049489
-0.012762364039081148
-0.0066929073313561575
-0.004301780063154487
-0.002398189006683727
-0.006316411944493059
-0.01432429965978372
-0.010519533017650247
-0.003951441703053812
-0.011494887489825488
-0.02109813673965012
-0.018745865813301257
-0.014039918578928336
-0.011157277561724186
-0.0027425494355460007
-0.011601779384848972
-0.016907537142784954
-0.010098261793609708
-0.007536339220435669
-0.0059867762489011515
-0.005109985381520043
0.002159528941847384
-0.007579544379065434
0.0021885282391061384
0.0035727749423434337
0.0030645288713276385
0.007397999407257885
-0.0054643004667013885
-0.010406718288237849
-0.016505127456815292
-0.013482014562932819
-0.0014006108328855286
-0.005311903664066146
-0.003070185120450333
-0.008530656087677925
-0.0037415608608474334
-0.0030403163229736187
-0.004043179874618848
0.0007116944311807553
0.00371194673954354
0.005113696274347604
0.004976280371580894
0.017289535026842107
0.02084204987739213
0.021478295910249776
0.0169895883789286
0.009897171845271563
0.005187158615638812
0.004705213131771113
0.0019607807292292517
-0.006617828640155494
-0.005451724322047085
-0.006308842332412799
0.004980813802685589
0.011046092269631724
0.017881666769389994
0.01870208422653377
0.025530120333035786
0.019081230357599756
0.011336818847145574
0.002905250183151414
0.0009098730598149511
-0.008527320903570702
-0.008119494168398281
-0.017045366239423553
-0.013203322054905584
-0.004841089965387558
-0.0002842548751990156
-0.005214999741874635
-0.005165868538994497
-0.013312083555695912
-0.010409699534260047
-0.004916682497908672
-0.02263909260199095
-0.016791889673719803
-0.0035139478370547293
-0.0022379249633134655
-0.005206834844624003
0.002844084883108735
-0.0030800775600558455
0.0073899375600740315
0.0035597114400782934
-0.005252862107008696
-0.0017767771302411954
-0.006993479073086443
-0.0005188584653660655
-0.013963170830781262
-0.013959381766617297
-0.0017131401225924491
-0.006683534267358482
0.00022983835777267813
-0.0064932536395887535
-0.0034858343899638084
-0.006312661060364917
0.0011674660444259645
-0.013929738864923517
-0.006533341197452198
-0.011805611733968059
-0.014168925162715217
-0.009511025651784924
0.0019944297025601067
0.00045718769542872905
0.006601660338540872
-0.0003098159624884526
-0.010815648048689279
-0.010244261125529496
-0.0018314328293005625
0.003154519091670712
0.0010519404585162798
-0.0018724584889908632
-0.008008590302585314
-0.003768471616009871
-0.008267467443559629
0.0005870713126690437
-0.013636512646917254
-0.0066509519253546995
0.002086917844911416
0.0018079124577343464
0.0013095425628125669
0.0011681916217397277
0.0010617742384783923
-0.004313229406252503
-0.0018255215743556619
-0.0038664129025225216
-0.004580394095683005
0.008382346394161383
0.011993247985374182
0.01188970479182899
0.017268154719883265
0.013825306678797156
0.011353505278627078
0.021671253059903393
0.01414873211334149
0.0021514045402242724
-0.002938273868057877
-0.009652358346308272
-0.0022163959662429987
-0.015265646291275818
-0.010713972349185497
-0.01695519666497906
-0.008270524885495737
0.0007392659666159792
0.0015195454781254134
-0.015278730601809608
-0.014286268565338106
-0.01014008704572916
-0.010392994651726136
-0.00269602955551818
-0.012456847872623864
-0.006938057106453926
-0.004722081838796536
0.00821594455481242
0.0044511966546997425
0.001649549101324131
0.0020646646587798995
-0.004118106712897618
-0.006085791295045055
-0.008589100520281742
-0.004002549916040152
-0.0012285731624191007
0.001117290783052643
0.0012619652627230001
0.005578979259977738
-0.0037894769633809726
-0.00367686468642205
-0.006074997774558142
0.0016785247794662912
0.005734894350947191
0.01294004261571293
0.012106562051922082
0.012122918182673553
0.0072624480181063215
0.0023832987062633038
0.000457438836650302
0.008579348457666735
0.009177862408881386
0.008657805901020766
0.014031128096782293
0.00966862761270022
0.008896106114067758
0.011470610815837669
-0.0006440993805881589
0.0024914880360787112
-0.005321259766351432
-0.003868984455863635
0.0008851105611150464
0.01619363309505085
0.007931773642388482
0.0088459616045778
-0.0040290763074881395
-0.013680409531419475
-0.021033887698625523
-0.015643891879202176
-0.015356147976611586
-0.013212670646607876
-0.0007772475100743274
0.0015259726932466341
-0.00024953690823167565
-0.0032151694828644393
-0.01829671157019523
-0.016070159182418137
-0.011152895049502452
0.0008643723764301588
0.005176993025039944
-0.0017261275951750577
0.008187023671343923
0.009348357422277331
0.0009900703560560941
-0.0002190386647513757
0.010808269442835201
-0.0015627609829728802
0.001805341561557725
-0.004459418919868768
-0.008003730284059807
-0.011351653611442695
-0.010714221854383747
-0.00033078173796335854
0.01318317278753966
0.00545659672973367
0.005316036201935883
0.0015644999776850453
-0.009207882595947013
-0.007068028622694934
0.010120033473552515
0.011392285281714673
0.006814588929992169
0.00853211369831115
0.004649046333700729
0.01254893499504154
0.013503996796595554
0.013543471504623691
0.00974570669233799
0.007255969961794714
0.005173263388375441
-0.0048236841638572515
-0.00024842595991988976
0.0008817736284496883
-0.004552865762768003
-0.004552316891495139
-0.005545014009500544
-0.005352509810278813
-0.00510518960809956
0.001143756505722801
0.0070994344369197885
0.004973306735046208
0.0034795886121476846
0.0009765562019310892
0.007935748656357948
0.006084323272225447
-0.0005486572289373726
-0.0027387497015297414
-0.010596669721029078
-0.007985917027884473
-0.005101534941544136
-0.0013849872828965695
0.0023735502059571444
0.002141084622902175
0.001523346873485328
-0.008705219900487766
-0.005552689523125688
0.005940656239787737
0.0018706541795593997
0.0062753580104132805
-0.0037681849122357864
0.00016712773280839124
0.00128394128754735
-0.000621808544965461
-0.005854271338321269
-0.0011741659961019954
-0.0027048924431437625
-0.006837898205655317
0.003743843921304991
0.0011370471050031483
-0.0009612561839943131
-0.0008056596301806469
-0.00787501406079779
0.0007819673469445358
-0.00029344011020536226
-0.005406921820055383
-0.008175645094985763
-0.004815085681426959
-0.007177838352508843
-0.0013886960999419291
-0.00024036480812355876
0.008722306925337762
0.0029099012147344185
-0.0028185321181081234
0.0031562079566841324
0.0015305435936897992
-0.0070184478241329395
-0.0069823869535078605
0.006347434426036974
0.008028895494838555
0.008192783124589672
0.012093198716271824
0.011018104154306154
0.003999504244420677
0.010545342406646037
0.012405658500889937
0.00790118088790526
0.005264661343341383
0.002940155593678355
0.0025152367020685536
0.007871885499916971
0.006174896920080452
-0.004741237799171358
-0.00467371785256546
0.004240744602866471
0.0036711706900193044
0.002069493882978956
0.004583068175634253
0.008513723975047469
0.00572533861562988
0.000791057400444212
0.0025227170491901535
0.0014042085009471823
-0.007635793496156111
-0.004298118189520513
0.0010526345887531838
-0.0026868230492497485
-0.002456365245549629
0.005996047401567921
0.0034568774537183343
0.00803233554586768
0.012099267011120294
0.01103314534178935
0.004893361420060197
0.00466888291373228
0.0061071462726977185
-0.0041699152742512525
-0.004051002570971226
-0.007595955346090098
-0.011900110514834522
-0.00973344950315853
-0.009171305286387602
0.0010406202512482801
-0.007905549325514585
-0.006001425478607416
-0.003204763399747511
-0.00049170165322721
-0.004164487146772445
0.000954513483059903
0.000216082656600823
-0.012889056405983866
-0.009465615748583029
-0.0016524807771202176
0.005342742293723859
0.013149393191561103
0.013272385803090097
-0.008449813411474072
-0.013604571579877907
-0.01413719003481674
-0.01286640592229863
-0.01243996788514778
-0.015026561091654003
-0.014884535563954462
-0.013500083280183995
-0.008096129139885307
0.00045808214694261553
-0.0018530049783779153
-0.005572397709838697
0.0046392286638729276
0.00876770019841691
0.004693997106514871
-0.0015398795250803233
-0.0029961561566839616
0.000849828541977331
0.002110836018497745
0.003466621303620438
0.005188820390806844
0.009109455402940511
0.012494409980718046
0.008608542298898101
0.0048529754493695995
0.002267384169390425
-0.0021803410211578013
-0.001350378820983072
-0.004936446462331029
-0.0014564254971143479
-0.005877235238440335
-0.004324340465827845
0.007608838093001395
0.010262423424671093
-0.00504358558546907
-0.009889725282167396
-0.006538258162327111
-0.001584067299651603
-0.008631355660036207
-0.004676420942802603
-0.002553183852772539
0.001762872876909872
0.002079670209204778
0.0014871001546271146
-0.00917594074675435
-0.008878693496032307
-0.008030029704483847
-0.011349049475975335
0.004568174299784004
-0.008571151745818496
-0.013097966342077902
0.0013436183508019894
0.0029167774971574547
0.00407726001382495
0.0052944902253026765
0.0031647574125478663
-0.003981854356631326
0.004516590399046739
0.005741137051954865
-0.0008641794083329539
-0.00901049625594169
-0.006471078445514043
-0.002542121634663393
0.001081244572609042
-0.005717219163295037
-0.0019014685849348704
-0.005667971024910609
-0.0021630833530798554
-0.00424449671273275
-0.001490721614100039
-0.00648660621062542
-0.007926753292946766
-0.003600020049295078
0.00031061089675252636
-0.001069996106865195
0.005467172631373008
0.0021468436873207488
0.00534525445351998
0.0010580691920282941
4.857317544519901e-06
-0.0033225541616169114
0.0028695721295662223
0.00595396237137417
0.004330287616079052
0.004470502242911607
0.008827546308748425
0.0008905846625566483
-0.0010660339705646038
-0.0003075539506971836
-0.00018329327305157978
-0.002917178813368082
-0.0022209517593728377
0.0004287467293518906
0.01064189912790122
0.009468124862760306
0.005764309681641559
0.009669621033244766
0.00039815811440348627
-0.00047266854167294997
0.0021791917714290322
3.0651831378539405e-05
0.006933341221495842
0.005646301042288542
0.0006174384507661064
-0.0007494903274346143
-0.0007559531981435915
0.0009897779293047886
0.0048492551417924305
-0.0026898134065171083
-0.003951894760442277
0.004663965826233228
-0.0006269432107607523
0.0029440392771114907
0.005784448349537949
0.002608225950971246
0.0017343302727870953
-0.0020298005221411584
-0.008262075119807075
-0.011892557687436541
-0.013561954057853048
-0.01050592248759737
-0.014195416242194673
-0.007767788034010057
-0.004384719370864332
-0.0006656442299329986
-0.002964631156840672
0.0015669499151408672
-0.004209805983118713
-0.005851138059709531
-0.006952295543160289
-0.005684403362489926
0.006352252036643525
0.00447948294255184
0.004187081457930617
0.01019452255878908
0.005803075262617009
0.003507640364114195
0.003849474155964951
-0.010337746905473372
-0.006990374022473891
-0.005531892261351459
-0.007747583761811256
-0.000785985798574984
0.0023902526404708624
0.0019207745209375085
0.009718561969057191
0.01359430737948666
0.0022618839563801883
0.003918592152185738
0.0003461909752028684
-0.0008005713962484151
0.004967552291539808
0.002274943320080638
0.004240831975669911
-0.000608811570564285
0.0005676048761233687
-0.018160351214464753
-0.020932308863848448
-0.01036653355617697
-0.006403303027230626
0.0012656881629178921
-0.005312792549763495
-0.009986382727511227
-0.008412771434523165
0.005648800498262669
0.006200328233341376
0.005233197940203051
0.00343935826056016
0.00852351351835144
0.005454319544757406
0.0120652442270269
0.013565199707518332
0.012003623277608616
0.014950553931606313
0.020194534477001678
0.018605736655493577
0.014900393867865205
0.014815965861392518
0.019997846516392505
0.019638340116168062
0.01720614228863269
0.009908615680178628
-3.905342891812325e-05
0.0006583005601229767
0.013955645106034354
0.007857284568599425
0.0035833883025528242
-0.0055914686076963946
0.001003019592220274
-0.0028065021816504063
-0.0038127268474393836
0.0018227795748195301
-0.004401423123975595
-0.00915015841164859
-0.008210716031414145
-0.005849180328659713
-0.0021816736444210012
-0.0060045831508856885
0.003510468910293033
-0.002540712840661096
-0.0034461579968531925
0.0005616588556828598
-0.0018947184062562883
-0.002238829649674396
-0.0001608950085937977
-0.0023248204736349485
0.008539485588359336
0.010838029216974973
0.005634829164482653
0.010938662779517471
0.0017124785801085334
0.0006859018001705408
-0.007967786978309353
0.002668295766073546
-0.0065291198754372694
-0.015791540471060822
-0.01770736199337989
-0.010242513983199994
-0.013461577007547021
-0.012840461340965703
-0.011767250606790186
-0.005523787951096893
-0.00026144592324271797
-0.0036263605362425247
-0.0072949551387379566
0.00045015229494310916
-0.004341110551031306
-0.00527354796853615
-0.005627121776342392
-0.01652681633286799
-0.012568111477885396
-0.014932712557880829
-0.017598527808052798
-0.015662848650633047
-0.006116960115420322
-0.011325431776543458
-0.016889682511488598
-0.014907489048006635
-0.00799194189409415
-0.0009582177821236352
0.00399979489389807
0.008336752676987089
0.009565153255437811
0.011946412962861358
0.007424327653522292
0.0039689171857511
0.01627679286408238
0.02600539768114686
0.018411399873633248
0.011717674517227957
0.0030375007493421437
0.0033457371584760644
0.008861388391815127
0.0075476480911796295
0.007308059632778168
0.0029809043553541414
0.00418881387100555
0.004148092862451449
-0.004149292806784312
-0.004631749885156751
0.0021755886264145374
0.007067664687832196
-0.00034948092031603057
-0.013212152504808424
-0.013807479031578017
-0.014517659157281742
-0.013921391987241804
-0.014485328407026828
-0.014772565501431623
-0.012200926823231081
-0.010745699563218901
-0.0143373432654577
-0.014103563832274327
-0.013269546361019215
-0.010220188965710501
-0.0030194121199504783
-0.00043633366857344906
0.0016032604143644373
0.003336782129093384
0.004526292257554208
0.009290116171663006
0.00037831952484945454
-0.007203724447560186
-0.009133250088586162
-0.0029615388934810956
-0.001593585148608933
-0.0026006700734918318
0.009716709599209328
0.008018287960439921
0.004427841072902084
0.00960781682205076
0.004232508075753382
0.00321349835411335
-0.0005510797266227504
-0.0007453131528260807
0.005505307818142077
0.005334507906809449
0.004560610899716266
-0.0004922337430374076
-0.0076907480880618094
-0.004117166665382683
-0.0009897651212910812
0.005230262831319123
0.006385761811009918
-3.396757529117167e-06
0.007882611808987956
-0.0005472961881120378
0.005077886881772429
0.0042391264063189734
-0.00020681197134157022
-0.003281869903827707
-0.008522750973546257
-0.0027023960184305905
0.0020975330953175823
0.008494969823708136
0.0008853011780108014
0.004583471415874858
0.005255795208164879
-0.0037441424036660466
-0.005258147618733346
-3.7872244914372765e-05
0.005113409061935575
0.012005821083827565
0.016372504687557618
0.007034078678892304
0.0023858949223843715
0.00549626369254535
0.007482550042526175
0.0076071192374608165
0.013528833076901113
0.017972495827513438
0.01658615416691949
0.003042036216938868
0.009571509942373572
0.0031965097265007594
0.0036258775500270226
0.006421681941331674
0.0026575029299904904
-0.003546587834134698
0.0014149105076406462
-0.002516895147661368
0.0021642254968173803
0.0007522656430955976
0.005357823950859408
0.0032688648564120136
0.003828314603694404
0.007292809398301567
0.01396904866055896
0.002523740225781997
0.008517963647221526
0.00568110219319351
-0.0033449564369705817
-0.01084136693039909
-0.0059073853228862085
-0.009513961501652375
-0.007038614075863734
-0.010681133028119802
-0.015892194821499287
-0.013210666632900636
-0.0029790826176758853
-0.003521270165219903
-0.0014617536232496302
-0.005968013495051613
-0.011611699603963643
-0.00448355355920891
-0.0038477878152237584
-0.008947968196201448
0.002944578455450634
0.0011261204800878963
-0.006844302045647055
-0.0093457434947292
-0.01076058514493828
-0.00984201197978109
-0.013319799673724143
-0.005811340196523815
-0.007946679259184748
0.0014968084023954968
-0.0040751746778065956
-0.005590760205717136
-0.006646376677478353
-0.0006167934990177552
-0.006812254856340587
-0.007893380440461138
-0.010696879461368856
-0.006416736828862971
-0.005425672353400538
-0.002857759358982245
-0.007450645829085261
0.00035309000251193843
-0.005025345638471966
-0.0036367046972736717
-0.008447915042440097
-0.009793640368928512
-0.007989756179740652
-0.00651288965716958
0.002392661130676667
0.002061641956679523
0.007425933871418238
0.0017033251157651346
0.006512987074675038
0.0068984086532145735
0.015243000497381825
0.014543356547753017
0.007156142170230547
0.007627963131914536
0.0033748761541210117
0.0008154615441647669
0.0002870151270568992
0.0005315104375282924
0.0012833610363304614
0.007660059154344102
0.003525203455549975
-0.000790887187855939
0.007041473880332584
-0.003985259747132659
-0.004787141107954085
-0.009311682867507139
-0.0033030769420050394
0.003521476628181214
0.0017330367195730408
-0.004975484561097498
0.0039994458425402024
0.004530313187278807
0.0006257119939740126
0.0010127871111035346
-0.0077923185238614676
-0.012792618785363932
-0.010528718368926396
-0.019327666092819225
-0.0176758084614994
-0.0111004087390999
-0.006215491434559226
-0.003339233330916613
-0.0003501310577848926
-0.0009082626986006895
-0.007262297964965304
-0.010852384357713163
-0.009507012204267085
-0.002589606224015976
0.00018243723238507906
0.0029240422509610653
-0.003526161527649189
-6.374016404151916e-05
0.001992662001090745
-0.002548932580393739
0.0019751109982219833
0.0023440642825638255
0.00185114077758044
0.0032642936932582717
0.00276174875209108
0.003726270847643415
0.006338790285129411
0.004051691392281403
0.001165387959529956
-0.007204571476516625
-0.011395536379034942
-0.01364463650000592
-0.014357112452077369
-0.002947245384954537
-0.004030521571015318
-0.009756484615306059
-0.004296338481362909
-0.006366487567623457
-0.004173998123975859
-0.004461581385694444
-0.001305364331152911
0.002060668538324535
0.014262778668974836
0.004826074598434691
0.005497939013099919
0.0012841890224566063
0.0005080617669348915
0.0017268569394946099
-0.0019685556025554737
-0.0006960456422530115
-0.00015896554895637868
0.001163712368385556
0.005486783459006498
0.004845939390361309
0.003403168909717351
0.006515121455304324
0.011710102031938731
0.007683544124787053
0.007374093336984515
0.00505233815885731
0.00957327630603686
0.00661169804011782
0.0013653160344498853
-0.0031189219156901042
-0.003927025559920973
-0.010402334916094939
-0.014256177304002146
-0.01094371715715776
-0.00907386554715534
3.599366716419657e-05
0.008131421617387483
0.006788510580857595
0.007450414147848884
0.008741588906850666
0.005751500714880725
0.00800330515524062
0.01629706271458417
-2.644175508370002e-05
-0.0019817348967383925
-0.003053776646653811
0.005564834374623994
-0.004561290882217388
-0.007202784081261295
-0.0053119805882064
0.0031504311008999746
0.004162776575734218
-0.001293834017900129
-0.008944012331000218
0.00029456120061998567
0.00479186859622132
-0.0008972009810774276
-0.001226532740984112
0.0002170701961343487
0.004092012124795777
0.009617251607899864
0.009070162566689154
0.00921240045223385
-0.0012846095774633188
0.0006040603659736613
-0.004078591882716864
0.002099703293448935
-0.007458716360852122
-0.007906585739304622
-0.006806826429286351
-0.00538444886294504
-0.003946744874119759
-0.008657617490119568
-0.0068958031238677605
-0.005786371851184716
-0.00039140192112730197
0.00120265946451885
-2.1112023387104272e-05
-0.000550047109136358
-0.0010010571737075224
0.006117001096718013
0.003051692198399299
0.006005638174246997
0.004785211840644479
0.003718163799882556
0.006546837449229012
0.0043288819592756525
-0.004337388717879851
-0.0025883714229955027
-0.0011756428268078405
-0.0012179768605468174
0.004392146605532617
0.007352743463901182
0.006922051830818721
0.013070235045928106
0.0005812027445062994
-0.0032627384969964625
0.0009428614859158794
0.005877997596981004
0.001376084410585463
-0.009342119554057718
-0.007347966530360282
-0.00016813271232725432
0.006500145975151099
0.015375854410619165
0.017478779568336905
0.01179487671276244
0.007231661676972484
0.0038560928959244243
-0.0048214709830547995
0.001176184257492423
0.007297054102430896
0.0031235053200119487
0.008372181748660902
0.013594637371910115
0.009172308871832987
0.0016239876517405113
0.004966443800367415
-0.0013478573112903783
-8.944997350530078e-05
0.0017128155512424806
-0.0007393647090551288
-0.0022416989101717868
-0.005738734926562756
-0.003263071048228691
-0.0065651275900503
-0.015226588187118372
-0.015411561145447195
-0.015925672232794265
-0.0072674115095287565
-0.007281103338968175
-0.01159853345695107
-0.005264336331747472
0.006409461094299331
0.01215576524535815
0.006789029974509806
0.001945358916806678
0.0012231693401311835
-0.0033582860122745237
-0.0025155372021254153
-0.009500003405846655
-0.011714420919306577
-0.009068716286807709
-0.00278756748419255
-9.207602279881636e-05
0.003784402218492081
-0.003244119283432762
-0.008813742689089849
-0.0071275395496437945
-0.004037625403143465
-0.0023391257928839573
0.0019271833046029011
0.0046243275279024
0.008399292441705862
0.001047689001231144
0.002591785513795912
-0.0016781610064208507
0.0015271301480242984
-0.003206202520717246
-0.005259939525276422
-0.0025128870581587154
-0.0015722729203601678
0.008168876099710664
0.009441860090009867
0.0025070718171385426
0.008805373844224959
0.014351976709731389
0.009339058951785167
0.005169365149922669
0.010353384061794106
0.01102006526508679
0.004846645874592165
0.006677751930740972
0.0017995140080650648
0.0014315240478996807
0.001618597842946959
0.0005847298757483562
0.002349388059228659
0.010327320729071896
0.01215329019119963
0.01032486961223185
0.00814271095674485
0.004276377441516767
-0.013354255882441067
-0.01591323465264092
-0.012580855397779185
-0.008718046222347765
-0.003010051337381204
-0.004313395613183578
0.0005767427928124864
-0.007219666485664978
0.00237261934671551
0.0086971610126299
0.02428233522300919
0.01696680678365131
0.015048520397976972
0.010779939944234988
0.004886647812090814
0.0027537240935877586
0.00842517125653103
0.008124275620405873
-0.00041048080970843633
-0.0012897167665263016
-0.002331291814916767
-0.0006173522211611271
0.004350897949188947
0.004792093728416755
-0.000827831634087488
-0.006656582222009698
-0.0078924106573686
-0.011237862013901274
-0.0077964698849245905
-0.010576310654481252
-0.015088159050307392
-0.01315744897161494
-0.008600902825516338
-0.011441202835800747
-0.00689620751577119
-0.0012247209522562722
-0.0003784744922692577
0.00540323499502847
0.004483511634947111
0.004823285317009625
0.0009430042359357079
0.003275098962088426
-0.0015716764765481154
0.0025362913031131027
-0.0040884622966405005
-0.0031963944272138177
-0.00015461462976721426
-0.007072212300263345
-0.005744052544857065
-0.0005517836225529512
-0.0005646549910306931
0.0009599929361138493
-0.0017162091680802405
0.00035355743447629116
-0.005361463542406758
-0.02228752293003102
-0.020251515931752995
-0.02165834384621121
-0.016834826038684695
-0.013992950778144102
-0.010626588907713692
-0.002943195472471416
-0.004014681596308947
-0.002094952766310598
0.0027650904215018577
0.0031064997194334863
-0.002656552543170013
0.0014308448038840046
0.004858671535427372
0.007196509120209763
-0.0032889856460193794
-0.005374943132822712
0.0008549988533680638
0.006184037193500747
0.006001755685235063
0.009507834605271152
0.003398110793593029
0.00328370919257092
0.010423960842114563
0.0035790275916224345
0.000476696997260054
-0.002893799456457297
-0.0022891325121357415
-0.009959027736525362
-0.005380274207952122
-0.005742135002025558
-0.0037392698240000756
-0.0013379734894260764
-0.002022639997303486
-0.00692661820697443
-0.008116860631853342
-0.010842631962926437
-0.010699968059392025
-0.013340430431659722
-0.008791717138762275
-0.0032409776592006285
0.0010200437755944827
-0.0017373661413633576
-0.003535261812309424
-0.00039836275895747047
-0.004025051212714364
-0.004716151909475836
0.006877056928351522
-0.027843398574429253
-0.01884181967470795
-0.011747894344540934
-0.009164737449027597
-0.0022750595308995494
-0.0030987037586358685
0.0022005199105478825
2.8533094252149264e-05
-0.003548013255931437
0.001921395624910171
0.005288777720804016
-0.005949967068778885
-0.00895192948858797
-0.0076310915797754815
-0.006534134877147153
-0.007887388157347838
-0.00156755462832128
-0.006275299394813676
-0.008925929129278908
-0.01151057527322943
-0.012803297045563038
-0.008358578239179527
-0.011710393490890663
-0.002357659141222636
-0.005672207255847752
-0.008175264440166453
-0.004831533158818881
-0.0056873388992001615
-0.005960867549110844
-0.0032859913019152977
-0.006217975894299646
-0.009496237113683794
-0.0082943276995987
-0.004209816507063806
0.002646360353101045
-0.00218810244773825
-0.008381023866046841
-0.00014879462542012335
0.0002581464786392947
-0.0007207100217541058
-0.0038329301976288356
0.002381990907791381
0.0016346610391822954
0.0012795841216575355
-0.0044936389887395
-0.007443221919238567
-0.010376927243972508
-0.004677288665746649
-0.006547870617359877
-0.004241899093613028
-0.0058197157721345625
-0.004012497429891179
-0.00274919086912026
-0.002513583528731639
-0.0028782408552554747
-0.005156106303766137
-0.0007388095056376187
-0.004037155318558992
0.004758033617399633
0.0056278426789989075
0.008428207895485684
0.007265630707455178
0.003640733581657211
0.004133477778329203
-0.003328066986675064
-0.001214512368508925
-0.008719733159426445
-0.018524865705209472
-0.017931135088826218
-0.006978753491227205
-0.012904342100567495
-0.00815610214699215
-0.009403994945654024
-0.00569746195881938
0.005703676577735071
0.00909801631894273
0.007135182048853797
0.010467226755572483
0.01562821550935041
0.008392031968493635
0.005890903942442189
-0.0003875184105709195
-0.006794783778022975
-0.00976650501911839
-0.0036224627463767927
-4.901237164934476e-06
-0.003046588972210884
0.006477877637468434
0.005081266781974895
-0.0005179379507899284
-0.006704771579243243
-0.007527472341898829
-0.005160937674033145
-0.0074669636902399365
-0.0030977662124981485
-0.007213304887215296
-0.007980850447299114
-0.002475799413708349
-0.0014901103048274914
-0.00046336775975457084
-0.005026030523004011
-0.01402881473923723
-0.006523071854996184
0.00886501126427902
0.009599477268444996
0.012438687734344664
0.0017019291394778217
0.009481078684718038
0.013551435189632078
0.009452564402793845
0.0014263096387730912
-0.0014654885123794278
-0.004841871117241681
-0.005332699793701371
-0.0028280980015794434
-0.0006064235186204315
