-0.00013563335097084442
-0.00013611905839449416
-0.0001356863771798089
-0.00013509368213514487
-0.0001345149726451685
-0.00013402381640238066
-0.00013356803082084905
-0.00013294335047248752
-0.0001324960356578231
-0.0001326109771616757
-0.00013244031074767312
-0.00013212193133464703
-0.00013154800224583597
-0.00013147018170760324
-0.00013116784277372062
-0.0001307858321039627
-0.00012984392019764831
-0.0001298514974769205
-0.00012958761692668
-0.00012934022524859756
-0.0001295726787066087
-0.0001295547158224508
-0.00012941428343765437
-0.00012895031618730476
-0.00012881007452961057
-0.0001288835882830123
-0.00012877927355778714
-0.00012869959755335003
-0.00012797124839077393
-0.0001279632634638498
-0.00012805659459748617
-0.00012794368027243763
-0.00012808649276848882
-0.00012768488940006743
-0.00012805827524668226
-0.0001275855836380894
-0.00012797055921206872
-0.000127660944708623
-0.000127999591253077
-0.0001273963216226548
-0.00012720272119622677
-0.00012754668093596896
-0.00012776767097723982
-0.00012767194285212707
-0.00012760778695034483
-0.00012740900623612106
-0.00012678662412023793
-0.0001269473690384378
-0.00012583998827418933
-0.0001252604714439561
-0.00012490670817593734
-0.0001247758645331487
-0.00012433466094080359
-0.0001237206713994965
-0.0001227545051369816
-0.00012277804683738698
-0.00012229183746967465
-0.00012267042611104748
-0.00012199997465359047
-0.00012122146503922219
-0.00012076345815633734
-0.00012051825392215202
-0.00012029954397197191
-0.0001194351176188017
-0.00011921789574747284
-0.00011869012601285552
-0.0001183524194251125
-0.00011788518071019402
-0.00011730350262951106
-0.00011716715535537029
-0.00011593913125883167
-0.00011451251921243966
-0.00011373224425672864
-0.00011378028090499962
-0.00011346142030864333
-0.00011333791655488313
-0.00011256676157548402
-0.0001115345855941996
-0.00011144543386762962
-0.00011044586620603999
-0.00011024564019559573
-0.0001101428111239026
-0.00011001793881102154
-0.00011025349900592118
-0.00011051980613653238
-0.00010945734082876394
-0.00010946382079661513
-0.00011003757681464777
-0.00010975467700821658
-0.00010881301539484412
-0.00010814506638174255
-0.00010814280365593731
-0.00010792638330409925
-0.00010733467313305785
-0.0001061326667938071
-0.00010728738134882103
-0.00010762264457298443
-0.00010658146968732278
-0.00010613164466728146
-0.00010584143688902259
-0.000105487234541215
-0.0001051980551953117
-0.0001050934316784454
-0.00010415313125122338
-0.00010398312103158484
-0.00010299460564662391
-0.00010156796789184833
-0.00010187732278912639
-0.00010043702942008773
-9.997657325584441e-05
-9.910959992945815e-05
-9.872995947565262e-05
-9.868909478730832e-05
-9.817294698829452e-05
-9.797393111512065e-05
-9.751473388557011e-05
-9.749233907011027e-05
-9.697825104619066e-05
-9.730765411707883e-05
-9.672373766079545e-05
-9.636654984205961e-05
-9.568638818260903e-05
-9.514467645203695e-05
-9.443096962058917e-05
-9.22219089504021e-05
-9.222524463742351e-05
-9.160156982640425e-05
-8.995776569160323e-05
-8.99502711642223e-05
-8.989747138305878e-05
-8.901644042149808e-05
-8.810221324286734e-05
-8.691823139088228e-05
-8.648618958735218e-05
-8.672701185181116e-05
-8.648024648816015e-05
-8.621140150353313e-05
-8.545477486525972e-05
-8.541496761608869e-05
-8.491593558574096e-05
-8.401822114440923e-05
-8.335287537192926e-05
-8.26268508293045e-05
-8.287868996073182e-05
-8.246906586767485e-05
-8.177856041584164e-05
-8.166647671411435e-05
-8.058096185171356e-05
-8.037421522506824e-05
-7.883783633587882e-05
-7.832539684992905e-05
-7.725050595278541e-05
-7.478131883544847e-05
-7.240410389689108e-05
-7.197124815623587e-05
-7.182601732589926e-05
-7.150414458010346e-05
-7.15809763642028e-05
-7.219715140915166e-05
-7.130875989484291e-05
-7.177777830899382e-05
-7.159985922044144e-05
-7.11582701963683e-05
-7.04452694238474e-05
-7.075800308181593e-05
-6.941780515868838e-05
-7.001113971152032e-05
-7.011541165411473e-05
-6.981752036760251e-05
-6.958082289202139e-05
-6.936060109486182e-05
-6.926360045326873e-05
-6.833046956065421e-05
-6.7819223816817e-05
-6.824208404092739e-05
-6.832807994214818e-05
-6.71956199221313e-05
-6.70693836097295e-05
-6.709210603730753e-05
-6.604133270836125e-05
-6.612946453969926e-05
-6.542809618016084e-05
-6.557040013528119e-05
-6.507177546154708e-05
-6.449620152125135e-05
-6.531041328950475e-05
-6.299073099701976e-05
-6.229319920142492e-05
-6.172422877474067e-05
-6.27144251484424e-05
-6.189775260281749e-05
-6.177592586027458e-05
-6.156833265170766e-05
-6.0777275890965636e-05
-6.11667922930792e-05
-6.188868079334497e-05
-6.045099056791514e-05
-5.985564222404113e-05
-5.976896204325992e-05
-5.9773309621959926e-05
-5.83790238306392e-05
-5.872391009082397e-05
-5.833748805647095e-05
-5.825877960887738e-05
-5.7925087118443724e-05
-5.675728204854143e-05
-5.6873772118706254e-05
-5.6959957582876086e-05
-5.6704698896889266e-05
-5.616826538850243e-05
-5.591230049806957e-05
-5.700967711163685e-05
-5.670267875151088e-05
-5.6380185657568894e-05
-5.59119771545132e-05
-5.521740808035247e-05
-5.6104776061450444e-05
-5.58923607362279e-05
-5.5240355674565456e-05
-5.448837216439036e-05
-5.3822253491186227e-05
-5.3206244677615664e-05
-5.282155640694934e-05
-5.24203358994176e-05
-5.146547923989904e-05
-5.1176443909450125e-05
-5.1501547471464925e-05
-5.050316816777922e-05
-4.987224010013354e-05
-5.023762583732605e-05
-4.995570435615567e-05
-4.998454140149988e-05
-5.0040456553688276e-05
-4.9809813887501757e-05
-4.9265587634484594e-05
-4.836981257540174e-05
-4.907308311279242e-05
-4.871182226149055e-05
-4.872491845162585e-05
-4.920203068953318e-05
-4.894544865237549e-05
-4.80657140724361e-05
-4.799560988127875e-05
-4.820935263220842e-05
-4.820120380221245e-05
-4.7783785315308096e-05
-4.8595778935123235e-05
-4.80813058190203e-05
-4.812126154623305e-05
-4.659651293574522e-05
-4.5937103180525204e-05
-4.513468375080265e-05
-4.476925251462186e-05
-4.371394277162229e-05
-4.3630195383836206e-05
-4.332044855497467e-05
-4.291457798293171e-05
-4.244851637243604e-05
-4.223726738321906e-05
-4.2465489241294566e-05
-4.202516356599517e-05
-4.184970588539727e-05
-4.0966319987395156e-05
-4.0322722440275054e-05
-4.065135057317093e-05
-4.0133259656916685e-05
-3.954688771045767e-05
-3.9430627269515146e-05
-3.925608267309144e-05
-3.906137795032312e-05
-3.824332685326226e-05
-3.838015652339285e-05
-3.73232334095519e-05
-3.672509997462233e-05
-3.62273448263295e-05
-3.577037505844297e-05
-3.5592394560808316e-05
-3.571368530780698e-05
-3.655734743612508e-05
-3.7969958066241814e-05
-3.689986653625965e-05
-3.7211685800381626e-05
-3.8293008547043425e-05
-3.707434065290727e-05
-3.653920988047806e-05
-3.831468682619743e-05
-3.898134406578417e-05
-3.903826441577015e-05
-3.908929618773982e-05
-3.824852285712647e-05
-3.9060912386048585e-05
-3.902317480727409e-05
-3.851897306352233e-05
-3.8097579235909506e-05
-3.778803618236755e-05
-3.6970538591655595e-05
-3.5892492645264916e-05
-3.574575903864267e-05
-3.598094655899331e-05
-3.5037570535981405e-05
-3.531269399294009e-05
-3.484791295098451e-05
-3.455560688356248e-05
-3.3040045770273234e-05
-3.409758593382624e-05
-3.412093011623559e-05
-3.3785475922438004e-05
-3.214991583566492e-05
-3.2112843473441896e-05
-3.1079224208951926e-05
-2.975210649310611e-05
-2.9669031719095073e-05
-2.9255948878320244e-05
-2.9951744994226223e-05
-2.8797667594820573e-05
-2.868483294150792e-05
-2.7938445443093465e-05
-2.8249395642584812e-05
-2.8736053621590448e-05
-2.831766554057443e-05
-2.8997273426890996e-05
-2.8096223322791046e-05
-2.8499067096466508e-05
-2.823254673179084e-05
-2.828549576709823e-05
-2.7315005063428543e-05
-2.767917520638245e-05
-2.780602422717493e-05
-2.740670019799533e-05
-2.6812728950365757e-05
-2.645268684621745e-05
-2.5760324812533025e-05
-2.592338629862449e-05
-2.6746966201850835e-05
-2.645787157234736e-05
-2.589101786725223e-05
-2.597258625125202e-05
-2.523723075379773e-05
-2.606852688283349e-05
-2.6472415459769157e-05
-2.6376124757613677e-05
-2.616718544838174e-05
-2.5831414022832176e-05
-2.630146283384723e-05
-2.5541210973945757e-05
-2.4914133149043968e-05
-2.5588490995384442e-05
-2.622304717078805e-05
-2.5864016691533228e-05
-2.5473693288707484e-05
-2.594511749824354e-05
-2.6402827837349227e-05
-2.6661161852340833e-05
-2.6633058029498596e-05
-2.635136753572927e-05
-2.5768319877291408e-05
-2.617809521325398e-05
-2.4518726956254492e-05
-2.511733473511413e-05
-2.508149562345352e-05
-2.4798342686456938e-05
-2.4407315698529905e-05
-2.4295143327132488e-05
-2.3823699351244916e-05
-2.4250215913828774e-05
-2.4159147700023216e-05
-2.4268403940368444e-05
-2.5244755937213387e-05
-2.5667141259570295e-05
-2.5889144938749573e-05
-2.5418218914031362e-05
-2.5409287215249302e-05
-2.469240949722007e-05
-2.4737428878628026e-05
-2.5747065325655664e-05
-2.475918251244972e-05
-2.4576896103098988e-05
-2.453680072600643e-05
-2.4360115470093055e-05
-2.3532779353748388e-05
-2.3393197067586395e-05
-2.336329724736667e-05
-2.3717373236043688e-05
-2.3852459198678842e-05
-2.3396138009654046e-05
-2.2720271275223543e-05
-2.2059718879366605e-05
-2.222221718208554e-05
-2.1757805419232077e-05
-2.1841956574159364e-05
-2.1034299255309937e-05
-2.1163614558948514e-05
-2.068571392252731e-05
-2.0568552378487464e-05
-2.0196060480278295e-05
-2.0301930320177538e-05
-1.9367021377547643e-05
-1.90845517499838e-05
-1.8968897299297776e-05
-1.8834708510742832e-05
-1.8247807456646115e-05
-1.8938028782334488e-05
-1.873220428630399e-05
-1.9560495420591906e-05
-1.9561191147658975e-05
-1.9209391515081126e-05
-1.951277755627719e-05
-1.9533731271318782e-05
-1.9994038545216124e-05
-1.9966884622893606e-05
-1.9991156999215795e-05
-1.952619318520495e-05
-1.9708589946579498e-05
-1.9348863133927807e-05
-1.8841824397289503e-05
-1.8657815793024687e-05
-1.759233159342936e-05
-1.757782641410207e-05
-1.7592201814598714e-05
-1.66153764196982e-05
-1.6261311890654422e-05
-1.6914754936199947e-05
-1.6140900431006837e-05
-1.674230387531376e-05
-1.7064608424940767e-05
-1.6522930988382237e-05
-1.5748793884995393e-05
-1.6142927282392824e-05
-1.6199994048899196e-05
-1.5927527371483545e-05
-1.5791828676204508e-05
-1.5235297420683006e-05
-1.5313613888186715e-05
-1.5708654609625226e-05
-1.6448945073837726e-05
-1.5803643412558205e-05
-1.5711499484799183e-05
-1.6027915056232207e-05
-1.6034531108743975e-05
-1.610245305831389e-05
-1.586239121631176e-05
-1.5344778573004683e-05
-1.526214360637823e-05
-1.5856598887088086e-05
-1.6274957124551294e-05
-1.601128994176785e-05
-1.519301288984328e-05
-1.4778683665402544e-05
-1.4028023373005756e-05
-1.3490002347680274e-05
-1.2518184181923667e-05
-1.195457477782232e-05
-1.2417607006985539e-05
-1.2472013562122205e-05
-1.345034458305842e-05
-1.3209499957156368e-05
-1.2901096609615099e-05
-1.3312312257767189e-05
-1.3095274565178747e-05
-1.277528785673591e-05
-1.2391394872490006e-05
-1.1699988644977566e-05
-1.1797492334153503e-05
-1.1920305017459516e-05
-1.2305977555418698e-05
-1.2319682852345674e-05
-1.2367101226118393e-05
-1.186032589127232e-05
-1.1247074956675836e-05
-1.166720493832448e-05
-1.1744021006355373e-05
-1.2307247440427696e-05
-1.26275822185562e-05
-1.2189133497789347e-05
-1.2493811433766193e-05
-1.2852929006233656e-05
-1.2104312797115805e-05
-1.2564116841531359e-05
-1.2208874710874322e-05
-1.1458271013301176e-05
-1.1508428675976271e-05
-1.0936230428342241e-05
-1.1368619610342042e-05
-1.1799615228179997e-05
-1.1871814737484479e-05
-1.146894729269358e-05
-1.1551410837758643e-05
-1.0928051063577489e-05
-1.1155470395654751e-05
-1.0531074682755085e-05
-1.0381263176289698e-05
-1.1144204375644525e-05
-1.1136791399621871e-05
-1.1889575083235589e-05
-1.3090726254934755e-05
-1.1792005764921972e-05
-1.146330969883517e-05
-1.1349196271718636e-05
-1.1467610129329841e-05
-1.1457398056033223e-05
-1.1114885261728583e-05
-1.0956255136989057e-05
-1.0752622365544085e-05
-1.1543685626141573e-05
-1.0909818544557007e-05
-1.0997894787578843e-05
-1.044902147744627e-05
-1.0760601495955295e-05
-1.0811583003184448e-05
-1.1221309723623562e-05
-1.0551887498877477e-05
-1.1147567881077217e-05
-1.1513293369110519e-05
-1.1889554455895753e-05
-1.1516136073623783e-05
-1.1283182187374526e-05
-1.1579614886917018e-05
-1.1038216119535112e-05
-1.0768821315044382e-05
-1.078401515163326e-05
-1.1247655517460469e-05
-1.0978911025934698e-05
-1.0990220459158688e-05
-1.0911740949571443e-05
-1.1012470192023709e-05
-1.1199297732673585e-05
-1.1213194132627299e-05
-1.1187157530609208e-05
-1.1035969825267481e-05
-1.0889814523883009e-05
-1.0681252206268255e-05
-1.1080127527141788e-05
-1.1732538490226338e-05
-1.1464067429187707e-05
-1.1657101385935675e-05
-1.0861294892189714e-05
-1.0328310794041802e-05
-1.0533212625887245e-05
-1.0697676370909904e-05
-1.0772631564274585e-05
-1.0209753309027292e-05
-1.0719299849976475e-05
-1.0402081970823929e-05
-1.0397811311122495e-05
-1.0328659554943442e-05
-9.340742459850542e-06
-8.536876096817044e-06
-7.96425118096522e-06
-8.02246572372193e-06
-8.297198910440784e-06
-8.309297839635595e-06
-8.3434703143818e-06
-7.970692289139455e-06
-7.4833660255535505e-06
-7.038080566417193e-06
-6.826708395237801e-06
-6.953504677464177e-06
-6.942411734295699e-06
-7.157959335017949e-06
-6.518278569274116e-06
-5.961921597190667e-06
-5.878533023254325e-06
-5.735333840372429e-06
-5.509845747534807e-06
-5.0651846989543025e-06
-4.827207843239497e-06
-4.5794735524395946e-06
-4.729373243511266e-06
-4.395678051878349e-06
-4.716417539990895e-06
-4.167665880837982e-06
-3.943724862741268e-06
-4.0977047804820665e-06
-4.02120484977786e-06
-3.3964459483589357e-06
-3.4732935182546497e-06
-4.072176813375942e-06
-5.072564032767938e-06
-4.8951221409273175e-06
-5.055617196679426e-06
-5.384912777420443e-06
-4.557391124156614e-06
-5.099879866368913e-06
-4.687238260885351e-06
-3.6557906363062407e-06
-3.687074152670296e-06
-4.369063274983394e-06
-4.343125031785652e-06
-3.970462421420961e-06
-3.9674822952899076e-06
-3.888655628543347e-06
-4.349214968897286e-06
-4.26626357693749e-06
-3.68971128409612e-06
-4.309078449296067e-06
-3.285451069435415e-06
-3.3046349896418785e-06
-3.0237903016920124e-06
-2.6203882771369534e-06
-2.1370266752758955e-06
-2.1682040323867113e-06
-2.293902800071616e-06
-2.4337779602016476e-06
-2.5229922342380936e-06
-2.6594576108133578e-06
-2.381839300748349e-06
-2.194138254102048e-06
-2.301571180396422e-06
-2.6255208407140648e-06
-2.6325805083615704e-06
-2.8713883026891078e-06
-2.5170952706806325e-06
-2.6059117969149763e-06
-2.4775146433360835e-06
-2.2658803588152903e-06
-2.173623894729341e-06
-2.2229358576926945e-06
-2.3265650618971753e-06
-1.7276312291869544e-06
-1.479380426493056e-06
-1.8899054142214784e-06
-1.462351144709828e-06
-1.2238980987907175e-06
-1.0912768823345687e-06
-1.3534452610504861e-06
-1.7816106128520914e-06
-1.9125598464597715e-06
-1.5661420767780024e-06
-1.3054507796065689e-06
-1.4271662644205208e-06
-1.4041532995179295e-06
-1.4792009892516944e-06
-1.692301994656494e-06
-1.277483377180033e-06
-1.1068801275844938e-06
-9.69012789558595e-07
-1.0257491965148801e-06
-9.923959267628864e-07
-8.690267028062711e-07
-9.315592535585892e-07
-8.220333817613816e-07
-8.451622287945307e-07
-8.71496494407135e-07
-1.3994158613665301e-06
-1.1248535247432301e-06
-9.99552515660677e-07
-1.1846604574354085e-06
-1.315487830879647e-06
-1.0792201396725432e-06
-9.103291226134995e-07
-7.971284251577041e-07
-8.54187336093067e-07
-7.873724719805372e-07
-9.999363426989778e-07
-1.2432094126779703e-06
-8.404010839058174e-07
-7.960179563800314e-07
-7.320134560965622e-07
-7.477967172538531e-07
-7.008536630337403e-07
-6.885030651915259e-07
-6.783956270813481e-07
-7.197370574848113e-07
-8.053331460663079e-07
-8.528224786156595e-07
-8.453762056130169e-07
-1.2530213645807939e-06
-1.3290831410965135e-06
-1.610735852561144e-06
-1.6536228940822185e-06
-8.155632476321746e-07
-7.458120285264159e-07
-1.102369585244863e-06
-1.8350863335096317e-06
-2.2062747120799033e-06
-1.4322791435006366e-06
-1.7121314037164363e-06
-9.975216539714893e-07
-1.0283520024737906e-06
-1.0195282804185506e-06
-8.868775254692688e-07
-9.74346308642756e-07
-6.860923152392692e-07
-6.446887387786167e-07
-8.45708819194139e-07
-6.870859918232478e-07
-8.995009193313308e-07
-8.908647618000032e-07
-1.0772235255747848e-06
-1.0393380180554838e-06
-6.072301014607243e-07
-5.244626565096648e-07
-6.321444934087595e-07
-6.360794804057453e-07
-6.422011767881486e-07
-8.274145410306725e-07
-8.879796560753069e-07
-1.1706145409107193e-06
-1.0686412690574798e-06
-9.921679903375966e-07
-9.98776949548604e-07
-1.034849479992772e-06
-8.658530672770818e-07
-8.904269432719048e-07
-1.412208865000745e-06
-6.509501001043343e-07
-6.822158186044665e-07
-6.454634025961544e-07
-7.087606832101301e-07
-6.829837559981418e-07
-6.145085851017029e-07
-6.404290990265811e-07
-6.337486747535574e-07
-5.908728377335138e-07
-7.15760158887709e-07
-4.92068614477148e-07
-5.798244072252601e-07
-7.232517233054144e-07
-6.256282406980062e-07
-4.406622216398167e-07
-4.6721417907254666e-07
-4.4980952746224526e-07
-4.89683175241377e-07
-4.7479255798066334e-07
-5.17793174665826e-07
-4.707238381248165e-07
-4.864895114072473e-07
-6.473478384805275e-07
-7.796611921169946e-07
-6.078460250099245e-07
-6.003032100447096e-07
-5.288559436185854e-07
-5.732213186130745e-07
-5.824383832949328e-07
-5.643307805532534e-07
-3.3628594971209697e-07
-3.2240083594814453e-07
-4.0836638151612687e-07
-3.5398862034223083e-07
-3.907259518361646e-07
-4.198203874731613e-07
-3.706509278463462e-07
-3.691412101029338e-07
-3.787182543154207e-07
-2.9493518913644344e-07
-2.8143453736362287e-07
-2.5999531140759774e-07
-2.955894006836009e-07
-2.8022451118658866e-07
-1.8465435840534876e-07
-1.3206055584191746e-07
-2.217243560783307e-07
-1.5338617410283935e-07
-2.2421351753602417e-07
-2.9466829647143794e-07
-3.595349335109669e-07
-2.9694684692197865e-07
-3.7484151519014596e-07
-4.0986990211896077e-07
-4.0971115045825475e-07
-6.923454269032921e-07
-1.1324739360437281e-06
-7.85444417203962e-07
-4.0712153766738385e-07
-3.831217822873138e-07
-3.6868576006080884e-07
-1.1099521324808847e-06
-8.960699047596184e-07
-9.529950527091084e-07
-7.523364088986758e-07
-9.711528385499454e-07
-8.876293952653214e-07
-9.510660064885694e-07
-6.827917328185625e-07
-4.108599168262117e-07
-5.067657302030662e-07
-9.709765060961217e-07
-1.2754151801649035e-06
-1.3345180487552473e-06
-1.575831820446183e-06
-1.6721826326223284e-06
-1.2913005389236787e-06
-1.5083068774401908e-06
-1.541475945335454e-06
-1.3843376124593003e-06
-9.994191350415349e-07
-8.891303756778749e-07
-9.588850533267154e-07
-8.751526900141471e-07
-6.240395039943299e-07
-5.593363143437576e-07
-4.967078782177245e-07
-5.211219396035934e-07
-4.4485412312648504e-07
-5.794050684926333e-07
-7.391834338932313e-07
-7.804860327572291e-07
-6.906648798121751e-07
-6.636532968210911e-07
-6.464259994724368e-07
-6.003191769347419e-07
-8.473371997297363e-07
-8.201348559092973e-07
-5.446647366132614e-07
-5.654449182657117e-07
-5.586017116835743e-07
-5.377091754136624e-07
-5.345765178314347e-07
-4.847276846457286e-07
-4.188922271926761e-07
-4.2457020536327644e-07
-5.122382607207025e-07
-4.26536344567315e-07
-4.526439722477941e-07
-4.030631717455435e-07
-4.3919912371848115e-07
-4.3840553682154374e-07
-4.211529985317005e-07
-4.156299141300224e-07
-3.711102092059567e-07
-3.539546170827634e-07
-3.4267260834515885e-07
-3.2908781851877694e-07
-2.816514472196256e-07
-3.7974832248247976e-07
-2.5343938010754147e-07
-3.0527325767100896e-07
-3.097755732994756e-07
-3.297481843844707e-07
-2.672973983663951e-07
-2.2689462506756778e-07
-2.15418944975454e-07
-6.048501068297203e-07
-4.82582196449736e-07
-1.1407201179736148e-06
-7.409364267611333e-07
-1.6735414889505288e-06
-1.4414468175042808e-06
-1.605685823354482e-06
-1.8637672610566368e-06
-1.3176245837106156e-06
-1.4404244348042994e-06
-1.6098420102631888e-06
-1.5044855498066074e-06
-1.4700867101661667e-06
-1.8396766396714763e-06
-1.8712431384907783e-06
-2.062781638111725e-06
-1.89624642492466e-06
-1.7884955210926515e-06
-1.968361956035854e-06
-2.457855581875871e-06
-2.2464711112964627e-06
-2.4890789048489144e-06
-1.8890945345143943e-06
-2.1681237179412467e-06
-2.4057138261923685e-06
-2.427412294612926e-06
-2.843131396730314e-06
-2.9003413328609895e-06
-2.5439367042660404e-06
-2.6625993420263208e-06
-2.3622922769087988e-06
-2.042316026139209e-06
-2.1499846404064254e-06
-2.2910429561306956e-06
-2.7758745818573515e-06
-2.4792954839843636e-06
-2.4562567114116973e-06
-2.43424197681937e-06
-2.6653083235335845e-06
-2.775970269794925e-06
-2.6264606761590887e-06
-2.413395944434645e-06
-2.47411735017522e-06
-2.5534246378811077e-06
-2.4931487405410733e-06
-2.3966862803111627e-06
-2.1868756751549276e-06
-2.4397455096429136e-06
-2.093725308138043e-06
-2.0761210316777577e-06
-2.0532970847852994e-06
-2.095317230062695e-06
-2.117110413261495e-06
-1.953694507695521e-06
-2.0362836206307598e-06
-1.749271762795009e-06
-1.425232267138199e-06
-1.651537796381793e-06
-1.9439684744308278e-06
-1.9858442419717903e-06
-1.7677754825247878e-06
-1.4934277987777022e-06
-1.506243005072368e-06
-1.6703602432244225e-06
-1.2578821322980123e-06
-1.055702836083583e-06
-1.1044107327506935e-06
-1.0936390322058287e-06
-1.1239394901470708e-06
-1.0404596749443347e-06
-9.600830503586622e-07
-7.830438657189613e-07
-8.238223385130064e-07
-7.722082580130518e-07
-8.603120223445634e-07
-6.413744226089572e-07
-5.539313023443053e-07
-5.468559246916508e-07
-5.838967888394108e-07
-5.567698669513751e-07
-5.38800267690931e-07
-5.008159366563328e-07
-4.5404345399902013e-07
-5.698961771827271e-07
-6.838948672793777e-07
-7.436000392620674e-07
-7.186484090955977e-07
-7.615629927689345e-07
-7.663878579933225e-07
-8.853580842090499e-07
-1.4881006700306898e-06
-1.674610340766473e-06
-1.610099266902883e-06
-1.3894355106458534e-06
-1.8011461846375217e-06
-1.7558931934521146e-06
-1.8105627138235528e-06
-1.7769244141163653e-06
-1.6649677248400015e-06
-1.839705852641297e-06
-1.9413060438940496e-06
-2.056469312871438e-06
-2.018372386676977e-06
-2.0846446735352703e-06
-2.3849043539788303e-06
-2.453591476599589e-06
-2.486310465125522e-06
-2.708014793218657e-06
-2.5856741406945123e-06
-2.264566433041182e-06
-2.5272964406516014e-06
-2.4914174052052356e-06
-2.5612091909958204e-06
-2.5395051428252674e-06
-2.5501475647615734e-06
-2.6290270943718496e-06
-2.3991956519845795e-06
-2.3842342549566334e-06
-2.122871713557591e-06
-2.2084689347442085e-06
-2.2005366812057523e-06
-2.349106556115051e-06
-2.430714865416424e-06
-2.5779214502108515e-06
-2.544482343485773e-06
-2.5270096981936757e-06
-2.3958251586009284e-06
-2.4230850097713606e-06
-2.4444069701227515e-06
-2.48116564459148e-06
-2.7373130888008744e-06
-2.4838262803920465e-06
-2.68978893776269e-06
-2.6865331043760914e-06
-2.6581884564317686e-06
-2.4473947936106317e-06
-2.5089459480417037e-06
-2.66312001561649e-06
-2.3667999175813746e-06
-2.3926525500428396e-06
-2.0562151970201135e-06
-2.3375838145511807e-06
-2.2153539233234673e-06
-2.3343649869881727e-06
-1.8673859146171404e-06
-2.0944200211185184e-06
-2.117997920928853e-06
-2.3363528089248576e-06
-2.3279496159981744e-06
-2.457662349115708e-06
-2.4656686203646435e-06
-2.5162317191037193e-06
-2.672184630985915e-06
-2.6575671775693383e-06
-2.7561391501270313e-06
-2.760001737745673e-06
-2.7835946002596755e-06
-2.603835470533037e-06
-2.5670779480909307e-06
-2.5141744890788686e-06
-2.704829236487664e-06
-2.431772674450864e-06
-2.5474651344363034e-06
-2.4653737727931e-06
-2.39705828789738e-06
-2.293495293391364e-06
-1.992320650667049e-06
-1.4620919137087185e-06
-1.39033068307981e-06
-1.6002930654697896e-06
-1.6921297553077844e-06
-1.8529384972983583e-06
-1.701718056210666e-06
-2.02253774205019e-06
-1.6734985517056582e-06
-1.51277519080395e-06
-1.6731671485104017e-06
-1.552212348390943e-06
-1.579649006089312e-06
-1.3205927280068864e-06
-1.3094065707264235e-06
-1.1432721165268352e-06
-1.146640754541295e-06
-1.1154111969820709e-06
-1.3871104882431003e-06
-1.089480886093952e-06
-9.423033069803447e-07
-1.0763779080965227e-06
-1.5055141390500164e-06
-1.2128703519920236e-06
-1.2192680545316155e-06
-1.2328703860475798e-06
-1.2502825590369563e-06
-1.149952926577195e-06
-1.1047894975035887e-06
-9.532905236634784e-07
-9.874983819220991e-07
-9.170287042555477e-07
-7.644323951202144e-07
-7.832227140625036e-07
-7.962563290675462e-07
-7.801812618405771e-07
-8.020697858531396e-07
-9.117979262403727e-07
-1.0640074871541099e-06
-7.368986121036869e-07
-8.458183981474576e-07
-1.0756190689183616e-06
-9.46968490704118e-07
-7.683256399104721e-07
-7.268734051043187e-07
-8.054078455188574e-07
-7.748831903124179e-07
-1.0510240440453344e-06
-1.309277821140616e-06
-1.0540394877504392e-06
-1.1869272505767487e-06
-1.2787270543412887e-06
-7.245190882561777e-07
-7.790681437806294e-07
-1.1780345683594836e-06
-9.918624774248505e-07
-5.371005140849168e-07
-6.35589595011273e-07
-6.54184228020919e-07
-6.39432139261468e-07
-6.675897530309764e-07
-6.204757492393279e-07
-7.779690177282343e-07
-5.896554917702209e-07
-4.781118010062831e-07
-5.628840922137594e-07
-4.121267712757041e-07
-4.5819711777047206e-07
-3.3912283967652004e-07
-3.5242915274125154e-07
-3.577468530124861e-07
-3.5508829213881656e-07
-3.4810824260489427e-07
-2.9323289211902194e-07
-2.673367887003527e-07
-2.2037488522623032e-07
-3.662175788103165e-07
-3.5608025245418654e-07
-3.4388620730870417e-07
-2.8455924057387467e-07
-3.660485460225497e-07
-4.2023275251305376e-07
-4.0087364723717654e-07
-5.155014044078144e-07
-4.3703799249783517e-07
-4.4805324468673763e-07
-5.373093276854017e-07
-3.850316006411466e-07
-5.969248190732893e-07
-4.6127684936910405e-07
-5.951130642500857e-07
-4.6091744613600366e-07
-3.985930316237803e-07
-3.2011703000970706e-07
-3.4208951807575737e-07
-3.6162892323924705e-07
-3.694776587318908e-07
-3.482853513621838e-07
-3.5120018144615035e-07
-3.675541377864041e-07
-3.196219523478779e-07
-3.9136615259375655e-07
-6.865062520470626e-07
-7.722913771128029e-07
-4.769524195680219e-07
-3.135072654814053e-07
-3.481194502145494e-07
-3.6018294526485304e-07
-3.6050163812362254e-07
-3.501262831662189e-07
-4.045518718243102e-07
-4.286880289387322e-07
-4.234794651303275e-07
-5.015495363380751e-07
-4.209729190426022e-07
-4.0237078080688585e-07
-3.899633241921663e-07
-3.636733253387092e-07
-3.3875034963178523e-07
-3.1094799889312224e-07
-5.089183264317399e-07
-4.399989594805476e-07
-3.1668180174193593e-07
-3.299991839552282e-07
-3.90891922113686e-07
-4.0119419671450864e-07
-3.750064457245609e-07
-3.94485934961016e-07
-4.0443435072035073e-07
-3.663172510748325e-07
-3.6200300483161624e-07
-3.7492708695611533e-07
-3.8532023735271534e-07
-4.152549918501336e-07
-4.102750913167104e-07
-3.9977724650697157e-07
-3.7135189156600746e-07
-3.924565223734078e-07
-3.772618784658732e-07
-4.504605628715315e-07
-1.195144617298638e-06
-3.084438435744611e-07
-3.0365164080947695e-07
-3.424985644251421e-07
-3.569588897948487e-07
-3.2405033517572216e-07
-3.4686898182793393e-07
-3.6229008788524196e-07
-3.718651676661485e-07
-4.00936272365963e-07
-3.5063019769410177e-07
-4.058097153839905e-07
-4.3344548501522694e-07
-5.539316731055047e-07
-4.4741728820222687e-07
-4.1587018325609883e-07
-4.203096891567763e-07
-3.8505551327598177e-07
-3.6242106277839525e-07
-3.825004627403909e-07
-4.0647574232721696e-07
-4.384516009518317e-07
-3.617972850555873e-07
-3.2432102763972163e-07
-2.8138013793939836e-07
-2.3836515065471056e-07
-3.0778985760685865e-07
-2.7272624286626505e-07
-2.9124560687006823e-07
-2.88104113537931e-07
-5.629254787938483e-07
-3.6251634673097517e-07
-3.304840189096344e-07
-3.43778770487783e-07
-3.843690902908629e-07
-4.0176808326760255e-07
-3.995209982073552e-07
-3.880680279344517e-07
-4.0684124567332467e-07
-3.759885876242208e-07
-3.9970563972424597e-07
-3.7335067346155884e-07
-3.961072007700276e-07
-3.617295645123401e-07
-3.6573029558025404e-07
-3.704459265948164e-07
-3.5782759227961e-07
-3.457841449705512e-07
-3.570364946270388e-07
-3.591499681743215e-07
-3.705134939272862e-07
-3.740871766074368e-07
-3.8601711588389283e-07
-3.479667514720101e-07
-3.287097532123084e-07
-3.486800606822271e-07
-4.2743767911209334e-07
-3.8413609483682145e-07
-3.771367718681991e-07
-3.751679006917345e-07
-3.1942048427084185e-07
-2.744687380033343e-07
-1.851919215608196e-07
-2.892806127197112e-07
-3.4425639286128626e-07
-4.1018439722595446e-07
-4.0551593177543903e-07
-3.817800925494848e-07
-2.7889980092880387e-07
-3.2317304362816654e-07
-3.0838441547942355e-07
-2.684574319111732e-07
-2.953210611833512e-07
-3.2347051930485076e-07
-3.4665349837907184e-07
-3.1677592647364844e-07
-2.987840053532883e-07
-4.509143797222966e-07
-4.5744097000977034e-07
-3.9130861539800795e-07
-3.3001340314697815e-07
-3.2870625614152735e-07
-3.4504866352591535e-07
-3.7673467119544075e-07
-5.145150060670289e-07
-3.803213763505416e-07
-3.005684199427113e-07
-2.7748979729717387e-07
-2.8627117207709794e-07
-3.9749300049981193e-07
-4.247763022509806e-07
-1.1254747929948886e-06
-1.7159536476659316e-06
-1.5768038034972657e-06
-1.3987314889618573e-06
-1.4713663874014552e-06
-1.612444957572734e-06
-1.74994845110632e-06
-1.673494819745732e-06
-1.602163560316209e-06
-1.7702701203840359e-06
-1.7605292623557034e-06
-1.8678336330898067e-06
-1.9685396546265112e-06
-2.17163920145443e-06
-2.4538193732344854e-06
-2.5407191939545254e-06
-2.3755745678499805e-06
-2.4157749582324566e-06
-2.730073420025292e-06
-2.6129950159277844e-06
-2.6105264381233913e-06
-2.5883869056997355e-06
-2.3697603501204867e-06
-2.736568346032679e-06
-2.778896208231648e-06
-2.6940881283129176e-06
-2.7008203718044873e-06
-2.7634756406769157e-06
-2.7997511521486256e-06
-2.747953694779426e-06
-2.6717858660655715e-06
-2.7438668864003074e-06
-2.90119276845265e-06
-2.861959577179126e-06
-2.6788827866160622e-06
-2.5766796231134017e-06
-2.692402919516705e-06
-2.451666617465283e-06
-2.559808635851368e-06
-2.4706736955219335e-06
-2.581390411554215e-06
-2.2682408310477817e-06
-2.0855208246454517e-06
-2.067040709334833e-06
-1.8701683378215723e-06
-1.7657457298507021e-06
-1.6973760390707563e-06
-1.6303297934427973e-06
-1.5979613059850332e-06
-1.7006257166940486e-06
-1.8120001004717778e-06
-1.8847019388582946e-06
-1.9640284926936147e-06
-1.9134420457097197e-06
-2.0906839320862977e-06
-2.3157519156787505e-06
-2.488926932831722e-06
-2.3373618932964747e-06
-2.4193615672629674e-06
-2.2990448557417647e-06
-2.1586970403101683e-06
-1.7592413208452247e-06
-1.9396065014613367e-06
-1.8690643173613352e-06
-1.7853291046776577e-06
-1.8375566908919911e-06
-1.8395648718675753e-06
-1.6769787680459558e-06
-1.5118882295913256e-06
-1.6346255021441417e-06
-1.636648159243729e-06
-1.6799356717456248e-06
-1.975669653499305e-06
-2.002244694570739e-06
-1.7947592323253048e-06
-2.170659028403558e-06
-2.0418653927360235e-06
-1.8483482441903713e-06
-1.602671509317588e-06
-1.0571837659275236e-06
-9.361442456186826e-07
-1.117054619044211e-06
-1.123973278633154e-06
-1.0622323990598186e-06
-1.1630503854576092e-06
-1.3692585851761881e-06
-1.4560871348597478e-06
-1.4923556113899394e-06
-1.282593761213017e-06
-1.4467461172292435e-06
-1.912960077182409e-06
-1.6148749470327555e-06
-1.7505099867776152e-06
-1.385959306693015e-06
-1.8169055692851544e-06
-1.640499898106403e-06
-1.6304252502171341e-06
-1.9923117694512862e-06
-1.7319591211162332e-06
-1.7006319846283683e-06
-1.0617119145687563e-06
-1.020113086648659e-06
-7.307070222850598e-07
-6.322491558800418e-07
-6.187678576452526e-07
-5.848476486865668e-07
-5.340960958240733e-07
-8.526619772434666e-07
-5.336672842304324e-07
-5.469469469214043e-07
-5.797640240719678e-07
-6.376389302431562e-07
-7.575458475154543e-07
-1.02101671662543e-06
-8.775577308976305e-07
-1.0545665478881953e-06
-1.1406844100747548e-06
-8.642593244682454e-07
-5.965724856575131e-07
-5.696099337152797e-07
-5.703063491561503e-07
-5.934334700441468e-07
-5.668450417791367e-07
-4.651855035338788e-07
-4.0165103001754685e-07
-4.1489533202820895e-07
-4.0579146656227747e-07
-4.0703342705228354e-07
-4.435570857215983e-07
-4.7138701461335584e-07
-4.689749673048027e-07
-5.440828049548448e-07
-5.807453207277528e-07
-5.691399654021249e-07
-4.70903336236006e-07
-3.9057218515381464e-07
-4.088488384468292e-07
-4.143823007514887e-07
-3.884905026770487e-07
-3.994280245223081e-07
-4.094867222429836e-07
-4.0048053061051786e-07
-3.8441565360850895e-07
-3.91023731367568e-07
-3.631842395179774e-07
-3.058401833300195e-07
-2.7109652189475734e-07
-2.3243481457768668e-07
-2.446091660364876e-07
-2.48576275320526e-07
-4.2989500362485465e-07
-3.0836930084395436e-07
-3.6998685738846384e-07
-5.937488532481438e-07
-4.5369158871248295e-07
-2.8418217562868146e-07
-4.92553009721064e-07
-4.2621694857321775e-07
-4.15665239709521e-07
-5.239812102786346e-07
-7.472326698613566e-07
-3.7258536477698575e-07
-3.6619889646279567e-07
-6.563166720733686e-07
-3.4743706433933615e-07
-2.2476385654594349e-07
-2.0010764361681292e-07
-2.9341028910797226e-07
-3.213529713737747e-07
-6.426321189678674e-07
-9.079355805852174e-07
-7.034277568607194e-07
-5.599236940886006e-07
-4.6146471599210296e-07
-4.2126913207596317e-07
-3.941167370295299e-07
-3.7188411843895135e-07
-4.15045160373495e-07
-4.1151863746572794e-07
-4.1945210789151587e-07
-4.143457237878086e-07
-4.1279334412299325e-07
-4.2301629861185573e-07
-4.125594952360719e-07
-4.940928599713364e-07
-3.3466509198850264e-07
-2.9954460553464436e-07
-3.0674973871214207e-07
-3.4859060135043287e-07
-3.496324796614658e-07
-2.707832399195809e-07
-2.5756939820098523e-07
-4.1856218572888794e-07
-2.7311394070750337e-07
-2.490595108402734e-07
-6.651102405423141e-07
-4.4317251251868584e-07
-5.218087131216483e-07
-8.428664749734101e-07
-8.035232748208424e-07
-7.502382341802635e-07
-5.315779983305901e-07
-4.4424446808003876e-07
-4.5091462339996726e-07
-4.387750923247798e-07
-4.1226758781931497e-07
-4.19862966722917e-07
-3.6672034890254207e-07
-4.0876919449317484e-07
-4.2529528222701173e-07
-4.813733754834478e-07
-5.032422982746236e-07
-4.104896009119822e-07
-4.039833273239424e-07
-5.308560250701551e-07
-6.26708055809407e-07
-5.225591370579726e-07
-4.951090866563608e-07
-3.8506885744619507e-07
-3.877556075160271e-07
-3.5937844545289957e-07
-3.475400604250704e-07
-2.9618571103284806e-07
-2.3174390665422113e-07
-2.5956730867212246e-07
-3.049201229288201e-07
-3.6614027578411403e-07
-3.904408525023939e-07
-4.2689456751491644e-07
-4.0343808737297594e-07
-4.4740302723056403e-07
-4.1658105185859997e-07
-4.0097336687712946e-07
-4.0534905943208817e-07
-3.650404311095201e-07
-3.7753815803398536e-07
-3.825660681577858e-07
-9.295683600877661e-07
-7.589775465532967e-07
-4.2210417789808236e-07
-4.009085508253444e-07
-4.0054633866285863e-07
-4.428754953759532e-07
-4.340363535012178e-07
-4.313836369584934e-07
-3.960437062818419e-07
-4.149093662035123e-07
-4.132744503726471e-07
-4.272502840141357e-07
-4.1679127776047173e-07
-3.7974945575669496e-07
-4.022487119540822e-07
-3.6227593545786383e-07
-3.8546459349457036e-07
-3.528590432821943e-07
-3.209102227404633e-07
-3.106708806048057e-07
-3.5262484965029965e-07
-3.0107349796063924e-07
-2.905387644129102e-07
-3.7139183473478e-07
-2.8811632581430637e-07
-1.8963538075030448e-07
-2.3034660824613104e-07
-1.3035405204586681e-07
-2.220327711762356e-07
-2.1479450512525607e-07
-2.500065296614136e-07
-2.3074431218628177e-07
-2.9281824816836574e-07
-3.027027475547654e-07
-3.0020048368754417e-07
-3.542444062594926e-07
-3.676075594416517e-07
-3.743379494784242e-07
-3.6694859770832387e-07
-3.1988800031227763e-07
-3.141939523443327e-07
-2.894211928642735e-07
-2.987053420940485e-07
-3.214631579403123e-07
-3.000992688388197e-07
-3.157997823566294e-07
-3.0028336539422715e-07
-3.0727041066177147e-07
-3.5146046134933627e-07
-3.671353349317859e-07
-3.732658749226273e-07
-3.754702813289305e-07
-3.670335881903834e-07
-3.834555509881395e-07
-3.918156220376427e-07
-4.031656434026291e-07
-3.9055383132202693e-07
-3.859953487346986e-07
-3.776042258651913e-07
-3.909551635365253e-07
-3.6502855334297203e-07
-3.6098104131817206e-07
-4.1379095563158035e-07
-4.073701596722194e-07
-4.047281534225178e-07
-3.0744155254465904e-07
-3.1151009962204766e-07
-3.0766896926122853e-07
-3.5892772810723153e-07
-3.7673976144144324e-07
-3.5360620018779857e-07
-3.6544500425117477e-07
-3.591070682921564e-07
-3.4814353650750954e-07
-3.0601036519639637e-07
-3.18848539278734e-07
-3.5174339361769097e-07
-3.1595619318647297e-07
-3.275436504172428e-07
-3.4463114869283845e-07
-3.454844170821166e-07
-3.400993804965798e-07
-3.307101545679814e-07
-3.4085357484651507e-07
-3.4998109030996244e-07
-3.3758401700130967e-07
-3.4065879228902436e-07
-4.919729143981755e-07
-6.801196312267166e-07
-3.7003212267035697e-07
-3.2533628526583885e-07
-3.7950541018479576e-07
-5.984158668296639e-07
-4.6842791287341846e-07
-4.430632289083765e-07
-4.331965165131161e-07
-3.6496591473422766e-07
-3.567796519791481e-07
-6.058024229934252e-07
-4.0727165412590693e-07
-2.8411027943005724e-07
-2.431876832946026e-07
-2.0500678363492378e-07
-3.258510667188593e-07
-2.792977053485875e-07
-2.607240467492981e-07
-2.391325275101034e-07
-2.2186958288964813e-07
-2.858156640606069e-07
-2.97150885296323e-07
-3.2336675030997243e-07
-3.2316530565938234e-07
-2.8528716123688013e-07
-3.560059098687655e-07
-3.4243209094360814e-07
-3.56770318473328e-07
-5.315596514539796e-07
-3.8016814612499654e-07
-3.8779638934727244e-07
-3.9816686772553564e-07
-6.031299314201988e-07
-4.337346081229043e-07
-5.3310778722467e-07
-7.900714585199845e-07
-7.668834778466286e-07
-4.849703920702571e-07
-4.5853558826062607e-07
-4.4099345494430506e-07
-4.281119470069446e-07
-4.3309682508170983e-07
-4.1455039453334543e-07
-4.105142730281841e-07
-4.240665487031947e-07
-3.881423416747983e-07
-3.7654580655299695e-07
-3.4133865652800445e-07
-3.242928248425869e-07
-3.588605976645454e-07
-3.747465880839703e-07
-4.133527582676303e-07
-4.004566561614335e-07
-4.2551327060399067e-07
-4.209016309175695e-07
-4.950617834727685e-07
-5.306399620508273e-07
-5.056339132044248e-07
-4.1202696024515246e-07
-4.108948487709559e-07
-3.9551552725392016e-07
-4.175976654726317e-07
-4.684871550845552e-07
-4.26213042539203e-07
-4.0526185605275583e-07
-4.1100218848140933e-07
-4.015297557321181e-07
-3.692200927100468e-07
-3.7259550939694463e-07
-4.523344370118328e-07
-6.12199281751676e-07
-5.889456910305549e-07
-3.63023293440771e-07
-5.243153810141621e-07
-3.566739032197693e-07
-3.456492191541057e-07
-3.487710523934299e-07
-3.472788895312699e-07
-3.0594963321251003e-07
-3.140741717248356e-07
-3.35362340381599e-07
-3.277055316797117e-07
-3.658996553819923e-07
-3.503069371231978e-07
-3.227418086441484e-07
-3.026094899638565e-07
-3.8103001782493113e-07
-2.7220013164945083e-07
-2.8718972295986114e-07
-2.738174028464139e-07
-2.937278718932272e-07
-2.742599319693895e-07
-2.954806292591409e-07
-3.441488458255648e-07
-3.0300657316721195e-07
-3.251468801742282e-07
-3.210968532944373e-07
-3.525741116187457e-07
-3.473066197153448e-07
-3.462397792712106e-07
-3.4704806234427584e-07
-3.6410499187973973e-07
-3.6264303980774553e-07
-3.8939153037394664e-07
-4.0323044383801703e-07
-3.9524874526778814e-07
-3.853516747298613e-07
-4.2618885998398544e-07
-3.9573483450183745e-07
-3.8343595116341333e-07
-3.79514669304933e-07
-3.822566290926736e-07
-3.7142547314387524e-07
-3.079709039296071e-07
-2.9337514483381474e-07
-2.5828661950629455e-07
-2.97317581358462e-07
-3.3324831552938863e-07
-2.440265169286378e-07
-2.822742411471661e-07
-2.259916959608995e-07
-5.178259382339808e-07
-2.133427964749283e-07
-2.689549514537741e-07
-2.8837956705866456e-07
-3.5397013688746406e-07
-5.662913455732148e-07
-8.485635959232241e-07
-1.1669917129116432e-06
-1.2914644950493919e-06
-1.0974757068045922e-06
-4.2770892150656436e-07
-5.608115798357479e-07
-1.062149432679386e-06
-9.25500437839825e-07
-9.333429344830317e-07
-8.897091076202438e-07
-8.594043305265586e-07
-6.715848966602304e-07
-6.335997625228629e-07
-6.374393755474254e-07
-5.269761353095722e-07
-4.0383935328236476e-07
-4.3122706576544565e-07
-5.317159127571358e-07
-8.600123301979087e-07
-7.584317747462895e-07
-5.016299212456943e-07
-4.830313504082065e-07
-6.029751138688273e-07
-8.254492373301521e-07
-7.08423615378706e-07
-7.172426315567766e-07
-6.521644593249221e-07
-6.45241399107969e-07
-9.086239286186053e-07
-1.0436148500048149e-06
-7.90472511198459e-07
-8.442576063316665e-07
-8.584433248870482e-07
-4.679123500750393e-07
-4.594103872553508e-07
-4.181774143792912e-07
-4.4289949983067347e-07
-5.329467151682366e-07
-9.842300475308244e-07
-1.797069367057702e-06
-1.5937985638932634e-06
-1.8461708350514528e-06
-1.4902386984279777e-06
-1.0715634092169541e-06
-1.270932914394507e-06
-1.7961858255451565e-06
-1.6747976489265664e-06
-2.3702638918621232e-06
-2.2842577815633073e-06
-2.143387320453864e-06
-2.0713402636829415e-06
-2.153986286733319e-06
-2.048102116229226e-06
-2.2453582838958632e-06
-2.186412076904768e-06
-2.2967656741457176e-06
-2.3922918186751e-06
-2.4322948926662017e-06
-2.289449918559209e-06
-2.351610955884098e-06
-2.2642707093230757e-06
-2.3675251547198664e-06
-2.599546278361231e-06
-2.9222622924862663e-06
-2.851717717931024e-06
-2.8739052474217413e-06
-2.899784009665988e-06
-2.932630650320789e-06
-3.009447039706477e-06
-3.2316185540063696e-06
-3.0252944422196984e-06
-3.3961923569828894e-06
-3.221893175577861e-06
-3.051963525043296e-06
-3.101052598140086e-06
-3.106180865870556e-06
-3.0105879432085205e-06
-2.8792625895827466e-06
-3.0109850528485064e-06
-2.9327299823004676e-06
-2.930266364273848e-06
-3.1239639247360175e-06
-2.993066170044282e-06
-2.9704599819524447e-06
-2.958971684468755e-06
-2.9272050293608725e-06
-3.217247282615669e-06
-3.084612714398342e-06
-2.9572299232919854e-06
-3.051036507410269e-06
-3.0845100233515647e-06
-3.108531491307076e-06
-2.9988699012998647e-06
-2.978787576163692e-06
-2.964139594041626e-06
-2.940190279332455e-06
-3.6427640346422173e-06
-3.689554262867508e-06
-3.5757867317443014e-06
-3.245515727030579e-06
-2.8409669327326508e-06
-2.57679578984001e-06
-2.4982488988219606e-06
-2.6912860660862254e-06
-2.7010268604499287e-06
-2.715478603931842e-06
-2.845120197889628e-06
-3.202020319198103e-06
-2.90006542854826e-06
-2.8648393769496275e-06
-2.55970079403293e-06
-2.765646307428445e-06
-3.46013476397881e-06
-3.608418292060378e-06
-3.5647719172023547e-06
-3.994057691064275e-06
-3.870289180364732e-06
-3.3374094740186896e-06
-2.9776351160156383e-06
-2.808968401950551e-06
-2.772143482919394e-06
-2.599953004391864e-06
-2.7656983396203335e-06
-3.0659720475038435e-06
-3.253760120666508e-06
-3.091228300036164e-06
-2.9829860613972413e-06
-2.8047692618808164e-06
-2.537791894307399e-06
-2.410513473781369e-06
-2.4377017234655797e-06
-2.2651807512374946e-06
-2.0082959523885315e-06
-1.818113704151377e-06
-2.0955049391583697e-06
-1.8005269127267335e-06
-1.6964713040579227e-06
-1.9946527208958286e-06
-2.5505216156792206e-06
-2.3233250612975098e-06
-2.348867287764733e-06
-2.309891506229178e-06
-2.082677718438693e-06
-1.908947780672558e-06
-1.7325937384763771e-06
-1.8664060280570992e-06
-1.8012709657947804e-06
-2.2324018740012738e-06
-2.6405381019382427e-06
-2.4648628065430484e-06
-2.515020851205918e-06
-2.587413670577613e-06
-2.8116305657022167e-06
-2.7991376737190875e-06
-2.5981627777582617e-06
-2.258658763215256e-06
-2.0501396314405913e-06
-1.7691270856327417e-06
-2.2470548340910077e-06
-2.4160497863097894e-06
-2.473766677818882e-06
-2.5387563315841057e-06
-2.7953998445203372e-06
-2.6077355263017427e-06
-2.6458242731071852e-06
-2.4031399546705263e-06
-2.4370864533314794e-06
-2.4453923166826522e-06
-2.4371400877498674e-06
-2.4361534936664004e-06
-2.195864185523533e-06
-2.2169420799400543e-06
-2.371941636738484e-06
-2.175586350858794e-06
-2.2934360913495765e-06
-2.3291600397593964e-06
-2.261476705219441e-06
-3.0793979112786474e-06
-2.688917606974428e-06
-2.3407636369180786e-06
-2.2278326590215634e-06
-2.3280666649346432e-06
-2.0735739947970917e-06
-2.0625980369004537e-06
-2.0995690192648906e-06
-2.3633124389258836e-06
-2.1150180297505963e-06
-2.1261067558953074e-06
-2.280299531776109e-06
-2.202311792037411e-06
-2.3010893589040887e-06
-2.211770746119631e-06
-2.134838199102281e-06
-2.2357739665797755e-06
-2.2798891647350197e-06
-2.3542249861444967e-06
-2.1683979715210928e-06
-2.13258605072042e-06
-2.117728460386085e-06
-2.1129204772781425e-06
-1.9995431072554006e-06
-2.0921525295610383e-06
-2.0274220272161376e-06
-2.051117729327719e-06
-1.8549260994404903e-06
-1.8240267960815496e-06
-1.7223520141366559e-06
-1.6556928888652085e-06
-1.6943796466269608e-06
-1.7220310868045393e-06
-1.7200247005651667e-06
-1.7363160880753033e-06
-1.7319551837620868e-06
-1.7479340992091845e-06
-1.7536659818991515e-06
-1.7701590407644592e-06
-1.7592186228891176e-06
-1.739086618120685e-06
-1.664781287521085e-06
-1.6056897569190672e-06
-1.6362583816468638e-06
-1.649170728038977e-06
-1.6064517922131927e-06
-1.524078297734377e-06
-1.5459059598773214e-06
-1.2550541199137418e-06
-1.2482322419297514e-06
-1.4688581753337833e-06
-1.4650667496122576e-06
-1.3323995563041535e-06
-1.29123439516358e-06
-1.0687680901355633e-06
-6.60571198144074e-07
-8.138394635655762e-07
-8.946332718551276e-07
-9.69052385547305e-07
-9.631695744853157e-07
-9.082429346563003e-07
-8.996292596445225e-07
-1.0541719401165514e-06
-9.950541796873343e-07
-1.0064983310561123e-06
-1.110656717173697e-06
-1.3286129281671795e-06
-1.2644152351034185e-06
-1.1512997108790539e-06
-1.0566858160624784e-06
-9.558956768766317e-07
-9.355558283156522e-07
-1.043864326675248e-06
-1.0010502137447475e-06
-9.776721685739176e-07
-8.554652595194057e-07
-8.496373258518967e-07
-6.328154609036574e-07
-5.365932020140462e-07
-4.454013609726341e-07
-7.64914116568131e-07
-4.524699295416212e-07
-5.50602635106164e-07
-6.162149956404997e-07
-4.1052977735489547e-07
-4.1729027505728785e-07
-3.6703392576479623e-07
-4.4410608779799076e-07
-3.791942905687999e-07
-2.3277612304658153e-07
-2.2598762219179966e-07
-2.259548887195706e-07
-2.2415843015248053e-07
-1.1113154935552908e-07
-8.807088647699856e-08
-6.701563753116109e-08
-6.251086650384725e-08
-4.509924276400549e-08
-4.1874305575599164e-08
-4.692324736765841e-08
-1.336590878035319e-07
-4.1404848379518926e-08
-4.679475092454292e-08
-3.965839537064161e-08
-2.909550315640293e-08
-1.6172178961918842e-07
-4.145560017339752e-08
-4.0886828240142376e-08
-4.062887858443295e-08
-7.44679907901021e-08
-2.1471986893099409e-07
-2.9229869700960385e-07
-4.6003543729966623e-07
-4.3840925248635664e-07
-4.4164478974077307e-07
-2.794106801691972e-07
-1.1262902196070475e-07
-1.1520262196048255e-07
-6.751216687916895e-08
-8.30411933823901e-08
-1.7938455888118672e-07
-4.696839058245435e-07
-1.0480350310141754e-06
-3.811664949656309e-07
-2.838204219794231e-07
-5.363797780925475e-07
-2.7815498289858925e-07
-1.3805668781211958e-07
-9.650747931762756e-08
-6.288822310314875e-08
-5.996235382591901e-08
-2.4742199660939453e-08
-2.1975232892638512e-08
-2.293425763374065e-08
-2.529083602098581e-08
-4.2944432706804034e-07
-5.341936584576008e-07
-2.0512273702403641e-07
-6.839212145829757e-07
-1.160048871042818e-06
-8.108458098377014e-07
-1.0603159140979794e-06
