-0.7588680886228879
-0.8410782543818156
-0.5051043199499449
-0.36890033560494584
-0.31097221791744234
-0.23277236714959146
-0.11925379977871975
-0.08539493698316315
-0.025512314395358164
-0.015992450578293453
0.0064338960195891555
0.021929830025183037
0.010180757865309715
0.023154374825923394
0.017566850086829313
0.028405186468735338
0.04153324663794289
0.060256672588487464
0.04705069516009341
0.046741799699763456
0.06501288598092894
0.06682159789837896
0.050586384528627
0.03636954361572862
0.029875214620066495
0.0195457352961724
0.00899889884206156
0.014977662878033395
0.0370262460783124
0.05397383667062968
0.0647042868169956
0.04819953059001515
0.05917424050392583
0.06056892299403747
0.05103159699899455
0.02140347960094611
0.029257382028736175
0.02248617599485442
0.023667639284394682
0.03484315022826195
0.05713871174336722
0.06291425237432122
0.05905228379027297
0.06317606344042967
0.05532233756675851
0.06176188938009242
0.0518834742018953
0.04414248838865509
0.041374226761981846
0.03587514222871202
0.03631095974337465
0.03658792776443685
0.03212228014289091
0.01850858582300134
0.032626583251985725
0.025244698491878808
0.044874976028998696
0.04026466389807562
0.02991100740987652
0.03142286559411635
0.03228557418721418
0.03501197040081024
0.03421002454900493
0.03170862620541205
0.027878124304503822
0.01997859253703306
0.024982983433874326
0.0052614312568524235
0.00307818160392344
-0.006028768481531491
-0.009726017407762508
0.0020215910176436106
0.027168824803084135
0.03364908816680933
0.03560968225278581
0.0323897384867693
0.0434818774748904
0.03776942833637198
0.028717977810495843
0.04021930509557327
0.036569165133793526
0.03537756157418092
0.05122794479907801
0.050044223050354046
0.039989574206992985
0.04381928236534198
0.040138640586907665
0.03512547474053766
0.037304538991302254
0.042560804846386115
0.036695663893284894
0.04918699435812111
0.04929291344014928
0.04265943586205443
0.0415569019333149
0.04649571444839239
0.04112751833473643
0.03986319155509894
0.031977870611008256
0.027185917058959605
0.030237941270849358
0.04090054708261353
0.031694218159342806
0.03413066711393185
0.02596834891475737
0.031027527530677616
0.025670894735958426
0.03050206119194627
0.033944413127222406
0.027301606220037987
0.03558253865126365
0.040501591940410434
0.04519863690249622
0.044951147925845966
0.04155715819487038
0.0452511019182081
0.046014300621075865
0.03936212833194683
0.03870610672670106
0.04319431509822607
0.04509748175585022
0.042123783443433545
0.0377141344298919
0.037221547438142204
0.03541709939435047
0.04080129282238583
0.036719124000519514
0.043150610510880746
0.03504175152581108
0.043836362812823305
0.04138552078045905
0.02445092338991041
0.029204793624424685
0.028251947237198087
0.03594365300455441
0.03307939082112474
0.03410795637173578
0.038962650544126516
0.04094601681572385
0.03882063146991034
0.031528998646729936
0.025974506884813307
0.03136884085261651
0.03555039206442113
0.040859743863499415
0.038672779963041345
0.024870838195784017
0.03304537872473399
0.03070392240692551
0.02657520494268586
0.02447000880415241
0.017618354321457447
0.0261369515179346
0.029652484953403474
0.032317858915387965
0.0428421314645675
0.04090910782309948
0.034106985287119945
0.03126278661967566
0.040991652553590635
0.0337962241563946
0.03111080820051332
0.035727845405538874
0.041516595288024594
0.04993145653046668
0.0483300966459016
0.04886138144958144
0.043250889365250865
0.034788038228483247
0.032006588842098914
0.03051651570169876
0.025694713297610482
0.03202297259743015
0.03437796620254327
0.02974690343166003
0.031466406985806925
0.036694050724618135
0.033005790410097685
0.025020907872046035
0.020564557548301915
0.02581379367543074
0.023797769501494866
0.02133953564489881
0.02681502971992207
0.019559817141853272
0.02192701041737261
0.02521550558391027
0.03745327533222735
0.04126168671840181
0.04831859937558571
0.03972945370400945
0.03745068133692257
0.03315588564107505
0.027885329162624355
0.029188992120325566
0.030244599542735767
0.031957373895371954
0.036615096326762187
0.030021769527035454
0.02278789185724842
0.030310435258628178
0.034474262297153474
0.040685238090421384
0.03763717265062345
0.024948849611294767
0.040587379725960396
0.0446822201924806
0.041617740491055884
0.035267421410729485
0.03496682511875406
0.021638136235997082
0.030703275117169446
0.031147409700788557
0.03859771269063155
0.03926838827009002
0.026948310336253296
0.027853873433390013
0.026942127357857924
0.022199865084451934
0.019112726340147976
0.028973863684611086
0.025338778492684167
0.020693369439492623
0.03390646531168992
0.04423578355306139
0.04614193562883884
0.043853738788554135
0.04519743690053777
0.04373872743531441
0.04421829581202474
0.04404895525968944
0.040055273833374185
0.0499708451780801
0.05300120918157821
0.04624449282263716
0.045448271240650984
0.04198044639235983
0.0434336401661858
0.03943432991974987
0.03935358212950329
0.046475457230505224
0.04215314115397632
0.0316175690634797
0.03496610387694091
0.03981811132437239
0.035796402375369026
0.03609769412937264
0.03108741241817673
0.02679382774513215
0.025165580589479455
0.01574317136653311
0.018416850382151705
0.022446850290483173
0.01579080623652165
0.026317404633543144
0.027845568063979347
0.030719063796956714
0.041951969480141994
0.04133684636404117
0.04005249288243552
0.03735335196251981
0.03401649362815078
0.03152132996862444
0.04151454947461995
0.02659970861898425
0.023937646721800168
0.025791874644346534
0.0362256319137911
0.031351886316745854
0.030015869742880265
0.03110416481271386
0.030041684171495338
0.03502949701466908
0.03681396793651705
0.04221498625042538
0.046005169435714685
0.054167841399709385
0.05147888788953423
0.044526005404962536
0.046639162035038075
0.05419345886446535
0.055673678051680324
0.04911744380680223
0.0475829768832773
0.044199445468839256
0.044082161655339104
0.035892515930657586
0.044025255299832984
0.04546419843410452
0.05335564453775684
0.05308923757091785
0.04655647588117669
0.04978058608636881
0.04500026151402077
0.04519839503491918
0.042645840408125274
0.03926558417035267
0.038784300464515885
0.03710009485327949
0.03749164449051023
0.039589653147074085
0.03627285285852849
0.03277679826385187
0.03391526017570868
0.036816882401471955
0.03867558355947646
0.053459919296825927
0.04684627459054658
0.050843609555934866
0.03855158597696572
0.03457675665461769
0.026023212472597756
0.033387693823315204
0.03923074779168625
0.03580040099254499
0.04039558885027266
0.03722024098659555
0.03896230519749224
0.03817783377443751
0.052517110131060085
0.043002318910633525
0.03737301019796481
0.03561523326051732
0.033736448923979576
0.034253753713953
0.0363872518359373
0.045314854153742395
0.04474178954338034
0.042389812568823494
0.04264529429220905
0.038859729584073646
0.038039371312285464
0.035398381329141554
0.039322720188647506
0.037974644562539954
0.030093578385810057
0.031071664337068795
0.036479693145568794
0.03249330667546019
0.028044435990353424
0.024852309486401887
0.030000175105718275
0.027296134137238064
0.04478250332176685
0.04812890895099069
0.039979645150403184
0.039263108271795015
0.042586522119430203
0.03647212773328647
0.04335416926730735
0.05019239095364658
0.03898576211979768
0.027705501584374966
0.02599697235894079
0.02376823434761415
0.02356331594288349
0.02349786923887829
0.031050008254436157
0.03068109182175249
0.03183383881114423
0.03645700987661257
0.0419769654260017
0.04012909302953631
0.03482835740006218
0.03888072979015609
0.04274071353798111
0.04423899218207225
0.040619934058437744
0.04227514102123678
0.0415397508473446
0.035729178519783696
0.03567529186606407
0.040135853824516135
0.03534860921247552
0.030118180702750883
0.03977855283068493
0.03141633310238831
0.03236266395697991
0.03321066340742012
0.026015145286995296
0.029688780130430435
0.04412222216798303
0.0458413912311274
0.04159211392203967
0.0462362653731058
0.04040652345012252
0.03257298758932545
0.020728359840189416
0.013988346585538238
0.009971472075752294
0.014834488421135272
0.017072963976631095
0.022230569186309973
0.019656170847204824
0.024530060690206787
0.021181252869816185
0.01730056629283354
0.020677087411750106
0.024512222164000074
0.03149368873797357
0.030443310846264164
0.031789016685603806
0.030105222361162306
0.03203312924054141
0.033146713407089315
0.03905413584162792
0.034981131590902804
0.043567557614296676
0.0482584524480626
0.04817096860691284
0.04060973470720152
0.04070508533467849
0.028939975587806355
0.026511358911714827
0.0273670931175972
0.02373354393406771
0.02823024253050486
0.028783867156210667
0.033986960356123745
0.03749278971692547
0.036845564420800656
0.03467931057636937
0.039363302468288265
0.04149359789987405
0.043395771815751986
0.03846450318892797
0.04002609964460135
0.03502304849370072
0.03563573956353745
0.03372557524358854
0.03241483689363425
0.028861731024614225
0.02541279285796918
0.022257846569021543
0.026195484735071658
0.03049601675088828
0.02945794993856301
0.043096059161859254
0.04350861045609539
0.03670972828287631
0.04130879358233263
0.03669211702266087
0.03673078454332426
0.03226767613630121
0.03366728932907184
0.03416616393718869
0.031849600948238126
0.0401331363307933
0.04110476715800663
0.03766856305883266
0.03382584600709379
0.038765888839043326
0.040108277093386276
0.03726527473578851
0.04089124151195089
0.03147083915692444
0.03309045213585098
0.025489270847465377
0.024147984959806006
0.03417655411545032
0.03849886388595526
0.03924032233577843
0.047925643811856086
0.04185426378933092
0.03605733807509144
0.035844582555194696
0.037620752726991974
0.03902322877198458
0.04546937927836552
0.040131823611833775
0.03969125063934674
0.03821738368676354
0.03990251940209419
0.04351050381393482
0.038661530813357485
0.04005359985225368
0.03747102511581033
0.038794224376324564
0.031484855604358014
0.032371885949202504
0.03127665932290256
0.026011102460712816
0.02765862107160501
0.030654819942622757
0.03636615283166369
0.033242348338244486
0.026164388687660297
0.02149987510871142
0.026252707028761507
0.029442427350829047
0.03863210463430732
0.03822524456152072
0.04638325394752125
0.042380819032744814
0.03671696715377038
0.03284969447956731
0.03616118326162299
0.04060831186807869
0.04090633986052126
0.03893376494602611
0.022439744461638232
0.02413986631901935
0.02539334742197146
0.029526433455757797
0.030758619241726896
0.030520853681179384
0.03640123330211888
0.03173230796897163
0.03641703215893358
0.03385238907455156
0.03901888875601192
0.036069975405698645
0.03765794709790498
0.030864160905281702
0.035526684386810906
0.034500682436240215
0.0269741097818284
0.02504622223166128
0.024458228922449053
0.028831810452975334
0.025695650124301514
0.0355148825115369
0.03634988701514279
0.03075943859022421
0.034857866905319196
0.040101385288871826
0.040835440334825154
0.03877786473060647
0.03504747819698726
0.03372077171535542
0.028282716297156486
0.03818369329441339
0.03173506869158397
0.039707364374771716
0.038774788526740545
0.03755835602292791
0.0410672372711512
0.04398956795533498
0.0409488845426434
0.04181361123919487
0.04299791574322929
0.04164395544988413
0.030682231973235805
0.020952939026174136
0.016113159470260142
0.0162781288123612
0.022315294502380616
0.02508665755779172
0.032664504866891854
0.02967908306454774
0.03267441137305771
0.02785755343735218
0.02153970319777727
0.025836259631905705
0.037238169620977715
0.036311965453981736
0.033911496323999014
0.02653061249370997
0.022422056302893907
0.01571880250623508
0.021746301491123936
0.02193019222468138
0.019488093896458548
0.016295037322367232
0.021933825279896457
0.019759714043078323
0.03192852125444915
0.032204236300894994
0.028421856344211845
0.034291581680687765
0.028290214066704115
0.03045415443678697
0.032646572467250126
0.027806010603283842
0.04387404612575968
0.03834709024173208
0.04725726992202302
0.04276317676141237
0.04064716022539263
0.045915447728475556
0.03364497788483277
0.038313716799020764
0.05354932753679653
0.0494808029801546
0.04347719538316596
0.04615422725367049
0.04544561023823917
0.03981564274212966
0.041230313412767526
0.03775166590659258
0.036890440868834654
0.034693649087954935
0.035176505740188685
0.035302718222762146
0.037249070531324834
0.038130622935326146
0.035453774506847065
0.03224308369060357
0.0317128258664161
0.033113822056911886
0.022710594825912266
0.019859634209424257
0.031583572431312254
0.039509468619944525
0.029334890589428446
0.04264318873019268
0.03679645295565327
0.03286759888656282
0.03075188406587889
0.02429285823057095
0.03188240388718744
0.030799133758991955
0.03123528765514493
0.031115437275730073
0.03228724490269087
0.04120921711126963
0.03439768751772741
0.030012665387863915
0.025625274594252307
0.026479266450429955
0.03109070663029949
0.036523243401121966
0.02996598267617325
0.03221543224761263
0.03279407759507497
0.038219588126521556
0.03900044768992909
0.03785115361524125
0.04162842757999897
0.039503168405887364
0.04420814706012607
0.04749043403329172
0.039067414597957394
0.03813190523690234
0.03567213675162444
0.041929541430436076
0.038805318241938946
0.03913268911652267
0.043538077274958294
0.03268573639681563
0.032692538450161616
0.036431622455517454
0.04497819396783598
0.04213258618721739
0.04262182677785555
0.04194718544759477
0.04431235184737792
0.041414855355396865
0.03108994352282025
0.025905973004798095
0.01666820431749026
0.02388264949588726
0.029092958367740115
0.03903405135788489
0.03667968728657191
0.030223575200652705
0.029683200100140916
0.02851531046636713
0.023393114884383975
0.021007550310653943
0.026942740881349892
0.033406029803833615
0.031981711466796695
0.033431288508387905
0.04091288297747572
0.042924888039318224
0.05244937492418103
0.04755725095514208
0.04757102305690448
0.042710393592715265
0.03520912462069343
0.03522720016849538
0.0405376382653291
0.04205940601532347
0.04574534901573012
0.03705155174558361
0.030804081186652184
0.025163731140395006
0.02323186850679728
0.032471913687574364
0.024148191819743564
0.02098136556198976
0.018104707037952417
0.026893246454807618
0.036545725213363765
0.03583631208787362
0.031058167096828886
0.03813110999374961
0.03494135548826307
0.03564628520980477
0.030015017169838152
0.029995809729831915
0.03922106813096131
0.042693658679684936
0.03933981488148371
0.03667957917554304
0.03935321208710472
0.040537537875934504
0.034958525403344536
0.030995636079460383
0.03514288827621689
0.03592873567560067
0.0320714656310156
0.03959880494512617
0.03034042661388715
0.0241927377662311
0.023218815693010885
0.031761544904050726
0.03610277233955761
0.03377249001331317
0.03306102818382593
0.031032746768711757
0.0206335035385564
0.03028558921068907
0.03325195868887628
0.039281523946265225
0.030337553945428225
0.025616373050337038
0.020341503327945248
0.02643922811684509
0.030071723346288007
0.03947989620268345
0.030159808536991475
0.037610528689498705
0.04591215102002025
0.03932634843326013
0.042710150046429286
0.04230613449200367
0.038776894574984906
0.034365212383369606
0.03379272350267759
0.02273114164049427
0.012585538186443349
0.016822522657494118
0.016447687705319066
0.027816358292863393
0.025029516086603205
0.038652413398958745
0.03269283869458983
0.03556482038615892
0.030271694631082938
0.030437023378908634
0.03624260201118887
0.034301769808710865
0.03382739868946374
0.033666080783338354
0.03730640335939825
0.030309482254087926
0.026154488385654987
0.025516707736436123
0.017179597161399822
0.021038873511133715
0.03138629940804094
0.034689395013847386
0.03454408578535852
0.02556206001744916
0.024591450210427867
0.024907865652348846
0.029177790299678843
0.0457753656928738
0.04391146068150798
0.043627832541242244
0.03394956080786263
0.02863579720413933
0.02924329502818485
0.03937915993815599
0.04461249299347401
0.04263463307948162
0.045112829012796285
0.04419653255167456
0.046109169471698505
0.04052408758206487
0.03973643828338633
0.047621644843990604
0.04836048311097935
0.0386290287602848
0.04479654755545198
0.03622993352667739
0.025020570252866796
0.021269007885518172
0.03627964051362748
0.04021456124105801
0.040103839269528783
0.036739498845612006
0.040770577813188234
0.03428271766441564
0.03162823868139337
0.034667983734634616
0.03992573649273254
0.02137172335758805
0.02203233119721214
0.02583545959244172
0.03102935082706002
0.032673931617173364
0.03437447683963304
0.03102931225905195
0.02432988727571986
0.02778953409365689
0.0330926149416094
0.026540602818131448
0.01905117857735604
0.02093928537098691
0.024831012636229086
0.027566143821459263
0.03434377411535631
0.027193089773257573
0.022281412665979588
0.028127192351967097
0.029711577619115512
0.03156135766340109
0.03219876723363996
0.038347307879012076
0.029779594644593697
0.037529705031968966
0.039173307325690986
0.0389719854753154
0.042153515520816046
0.031501800424108904
0.02819960179971531
0.0227514202784126
0.025672820173203947
0.03563034042754831
0.031468338826671244
0.033535482740650574
0.029212040251586587
0.03350185066461563
0.033660428615597385
0.03261181101668626
0.036991661273641514
0.039222209059322874
0.040607624538824896
0.040180772357077024
0.050370087722937266
0.053295765165239574
0.05364442526750887
0.05015471790529167
0.04425076892444243
0.04041975424547369
0.04032086752044658
0.03763146778258185
0.031138238245621324
0.03152566732528309
0.03149206149003779
0.04061692595481872
0.045233173714950684
0.051030641524121165
0.051661175462262086
0.057076549070576826
0.05178335859129826
0.045246442260104235
0.038164601538640756
0.036939134501541654
0.029352123968613645
0.029844992388195046
0.02320991947160413
0.025529583082146323
0.032017106798787914
0.03627208039474984
0.03221751728609282
0.03191554461072277
0.025819816642130414
0.027815345985194046
0.032356884045293556
0.01759265674666191
0.02275079637300223
0.03371703882934526
0.034809620288821556
0.032220505815154565
0.03866219131043181
0.03366915845312178
0.04215836089104414
0.038842931073158976
0.031860411458765156
0.0348050009412691
0.030438613857453067
0.03628953185242911
0.0247965798410587
0.025041675351482506
0.03565786841170242
0.030925443640638452
0.03678470689803362
0.030400760307287177
0.033747334994065264
0.03117764091429611
0.037343627628094206
0.024404608756303788
0.03170216842011238
0.026856512289183836
0.024570710263215004
0.02859365806914866
0.038405585034439964
0.03633003163927545
0.04142826038102309
0.035652524072890324
0.02699517501886779
0.027856915993615984
0.03488958580962693
0.03897394481037433
0.037220063568480934
0.03491690649961432
0.030699260046627992
0.03321331557507316
0.029700237330980598
0.03681159750558436
0.025037810533928374
0.031421535550616685
0.03868146392400376
0.038216776732976236
0.037372859775981246
0.03706955677907293
0.036845479720893005
0.03271160238791102
0.03503286595223472
0.03282929180189967
0.03266845879300187
0.04335351737836997
0.04627732971062263
0.045754574042900155
0.05057397853020423
0.047890002036001536
0.04544841183582321
0.054764806327875705
0.047717399501319355
0.037945597262781426
0.03392594682033329
0.028134308667698255
0.034606811467868585
0.023482280699536204
0.027701125390206773
0.02243171728720578
0.029668841134989635
0.03719473865504066
0.0373373221916457
0.023382969114851826
0.024571204291811834
0.028587361474831898
0.027497458627719122
0.034029537856889266
0.025525211140823862
0.030524246882026394
0.032539504422456955
0.0429757452942431
0.03970137046339611
0.03732110539431839
0.0379012745556732
0.032548991087727096
0.031913549721551436
0.028853278116633494
0.0327557896473445
0.03520103491939759
0.037049457184039056
0.03720303828517596
0.04093052439081172
0.03308530526080479
0.03295522587917124
0.031166923969673615
0.03793122780043632
0.04093321285753821
0.046791158880417544
0.045897095136654874
0.04619859974986563
0.042195352853159424
0.03796346402959898
0.03651292016962543
0.04316738908489545
0.04365575786524763
0.04308633027287821
0.04801264973046879
0.04403696938417852
0.04359457059414126
0.04531855911016464
0.03506722555379383
0.03864367746951757
0.03177521815057844
0.03286962247822278
0.03712273856935402
0.049647624562494455
0.0425014675144727
0.043384261343162506
0.03244538483918101
0.024829212783758218
0.018707786564094324
0.023749705210017662
0.02493789693825723
0.026068906849250197
0.0355217792528371
0.037151149751928944
0.03554611118510365
0.03288742819180091
0.020860236319713295
0.023055461742915215
0.027171819692909292
0.03696178241574671
0.04056248649954796
0.03479591090853015
0.043522626351138266
0.04347074576963981
0.03652526790509
0.03562767632305622
0.044916391661390664
0.034543179566971956
0.038423379908005394
0.03240926921057204
0.02940575610885086
0.026793425042026985
0.02770774850466599
0.03663089877925813
0.047327041189807156
0.040418268359887106
0.040356041990841425
0.03762037659219156
0.028513126568868757
0.03031328064156696
0.0446084665072461
0.04571066404382388
0.041845524293991423
0.04331602083829542
0.039972572523014
0.04649705595637594
0.04742274022040268
0.0474072598060593
0.04410540895187296
0.04222300047986209
0.040440990154941875
0.03201110270650436
0.036288321843991674
0.0368834493784622
0.032869207545105986
0.032601596764288844
0.031559726952885586
0.03159607379386822
0.031924681590559584
0.03740497225041812
0.04203467327325294
0.039636440317456924
0.038889495062952244
0.036536995791054024
0.042997110530268404
0.041184050793138645
0.03522983514082929
0.03371300339030616
0.027423610634286888
0.030063052757953602
0.03194836411314706
0.035325180504781506
0.03857884947288161
0.03764185532461852
0.03692610328784213
0.02889722308066363
0.031422237383085305
0.041107360956569514
0.03752354312882138
0.041451114613252384
0.032962478788103905
0.036376595833183575
0.03715876165389394
0.035697007717875144
0.03088158315047622
0.03538666301717361
0.034348823200368014
0.03121824496871947
0.04040569710079581
0.03713440677694355
0.035199199244379996
0.035666552761103955
0.029525090407114474
0.03715288774459623
0.03583121370097312
0.03148617173855504
0.02923964011715725
0.03226497033707953
0.03027792224039634
0.035073087140723755
0.03621478980329509
0.04365016165040288
0.03820226925735672
0.033970709973800695
0.03902366926583151
0.037301443387793065
0.030208248189883307
0.030455272203932206
0.04175624668908616
0.04324770978031059
0.04349065876968477
0.04637607090834839
0.045448197879983734
0.039359862143173815
0.04474685030213247
0.04647974609397352
0.043067341494412784
0.04054454184913387
0.03845065431281303
0.038273590225726364
0.042715693290811034
0.04106916308325405
0.03217950824376506
0.03273481928743422
0.03996335005387664
0.03921291006108125
0.03816576962824911
0.040093813717054824
0.043225237258399524
0.04089313685583572
0.036837323644819356
0.0381700410026436
0.03708487505869319
0.02966420453779089
0.03263354405838375
0.037658187948788203
0.034452102840490016
0.033871505555386344
0.04147399878750245
0.03859864098058703
0.04288810327804337
0.04629664475408693
0.04515415308608984
0.040337496519399184
0.040111311342722424
0.041267686495557426
0.032405014414495475
0.032820663336121166
0.029724757351602116
0.026247522237633044
0.0283248383988636
0.028622572018454473
0.03718625959164153
0.0291157207164603
0.03104039021457235
0.03363172384134183
0.03597916160826571
0.03266987312429895
0.036907296433734395
0.03648862625782689
0.025434696820254128
0.028368239489306387
0.03504640627341966
0.04056525804568082
0.04720757502131164
0.047631995550667244
0.02936223049182445
0.025195654750956843
0.025143572844099252
0.025587847966429156
0.025688122931557398
0.023565874514946093
0.02386148169908362
0.025111296352309485
0.029778516596804062
0.036346221764882405
0.034720102872233836
0.03154865859852483
0.04025066080658386
0.04351503994005422
0.03980168800878649
0.035105243065821315
0.033652480636568116
0.03751617847631375
0.03849217529563854
0.038963913458089035
0.04045072872191668
0.04374007440482577
0.046521265703098225
0.04274293671362102
0.039841246830765155
0.03802025154310589
0.03430544820303718
0.03545316829967002
0.032029780922457576
0.03516839081751338
0.03126586456162234
0.04176346608437598
0.04460272945308437
0.04584393399767578
0.03289937432079266
0.02921437604352832
0.031407873467105676
0.03550297750004878
0.029595911278350588
0.03257640679522107
0.03375630454948502
0.03742314013109232
0.03764378073547656
0.037254151294473556
0.028246484111684064
0.028939654430529725
0.029242653145920484
0.02680097863851491
0.039746573607747755
0.02876007858624992
0.02506359194405377
0.037485634199110794
0.03857205281034112
0.03957319235118727
0.040472108013927935
0.03902308253959442
0.03266044221779642
0.04064795666362139
0.041096585110450785
0.03529851481706525
0.028534244174758593
0.030875320682923
0.033863900965079664
0.03727283878290715
0.03109162597451359
0.034512092288738735
0.03161349355243146
0.03491825749787192
0.03267164314165712
0.03494995653629303
0.03101593658910133
0.02960662040199774
0.03313813717638065
0.03663422505371273
0.03542190048552584
0.04130533271779617
0.03815256145937989
0.04070332613307983
0.03678011184092611
0.0361935098200532
0.03376812135335058
0.03844436454276244
0.04109600714912327
0.040275267055258156
0.03985302289482206
0.04382870868469278
0.03717450396313022
0.03529471763797725
0.03573613519469897
0.036243131601562104
0.0339823775664748
0.0348444654191068
0.03691623814539829
0.04489072810897293
0.04373758575277558
0.04062052550880859
0.044231993040690816
0.03638191219884902
0.03566939433881392
0.037775928534101694
0.0361966381346186
0.04210118630590538
0.040885992313269524
0.03643631694838405
0.0352466199559179
0.03494930277656143
0.03678384213009849
0.03992727470351383
0.03332021319928269
0.03284843531281998
0.039814324219090244
0.03541826942857976
0.03856727829571658
0.04075705813864867
0.03800961006277551
0.03712714357534423
0.03411366298484306
0.02922228208568413
0.025782481729208183
0.025227865403382264
0.02745877974200994
0.024011919931702628
0.029894300190111002
0.03283561721909791
0.03553588616259124
0.03324405703848849
0.037022749523166566
0.0323027693775172
0.03136349223476524
0.029972976140367487
0.031265827520983294
0.04185091807118928
0.03958635614719242
0.03941484776403134
0.044599276647592584
0.040848243360718094
0.03874230598041322
0.039037712371209635
0.027676552118112645
0.029790905383294253
0.031112549371706943
0.02942828769523961
0.03579912039528911
0.038332742349787924
0.03803548109678862
0.04390506233554334
0.047197585494820185
0.037890065514172115
0.03921696472602586
0.037150696182313064
0.034895196928215834
0.04046949352060134
0.03832166648237035
0.03895795660093427
0.035036092065274714
0.0361281443744277
0.0206193036508436
0.01859236691108284
0.028142309428270285
0.03054652768332744
0.03757233344872172
0.032093439124291766
0.02742564783936056
0.029062424781732262
0.04030440123868175
0.0407795619002233
0.040027807373941564
0.03879516315258418
0.04305206008798753
0.04032595878932625
0.045786225991808656
0.04702084936356793
0.0458303875142398
0.048570647438367205
0.052541407352934284
0.05135515246695528
0.04827619853895158
0.04819228433538228
0.05232255049981177
0.051828362497423466
0.050223153221110504
0.044292593041900544
0.035784368932557604
0.03647021563723683
0.047906472915783524
0.04215162528620567
0.03902143010714402
0.031213160349677006
0.036599893505529814
0.03353332427640756
0.032672348039535185
0.03717307415713245
0.03230195939958018
0.028644660318580765
0.029090967450174504
0.031158569154019156
0.03409484374026457
0.030624518189385223
0.038944111557211725
0.033835601477573314
0.03302179031112852
0.03605729821176889
0.03448889703373425
0.033792024389840664
0.03546880370976093
0.0338274502492762
0.043339211577743605
0.04492984233268847
0.04032553931542983
0.044735277195771535
0.03670438683979834
0.03646911164435247
0.02885910894915772
0.03824220161962633
0.029951976916442316
0.022721073483893028
0.021884010516417522
0.028091068090870978
0.024977109238194923
0.0253503575802218
0.02609478242462501
0.03129736581196388
0.03629544465763805
0.03228614458232187
0.029802786563523115
0.03637072766044488
0.032118404606978096
0.03146351665724069
0.031394148971885444
0.02258132419005657
0.02578556048645017
0.02379520650099342
0.022387539939954876
0.022831232584042786
0.03102063907776028
0.02638283044633378
0.02213981337302054
0.023805014656002942
0.02918580471673825
0.0356309819376717
0.03964078369550407
0.043081040897717075
0.04421808024441513
0.045431567268969957
0.042058486266372104
0.039234307439085875
0.049515788291270534
0.058149882865448796
0.05103573590827485
0.04551473152377487
0.03843427520191957
0.0386229988016809
0.042682371771273514
0.04195143872561554
0.042121174073157214
0.038510346774322295
0.03997488018280516
0.03937409485690296
0.03258608830471833
0.03229275318211876
0.03813188104715664
0.04198228272958659
0.03572536374442279
0.025376228547344604
0.024560094649593037
0.02381103946904962
0.024336027898825704
0.02370025869614134
0.023733943148205677
0.025887117562815545
0.02653763349012782
0.0236692651900618
0.02398898110569765
0.024887585514225066
0.02788464661493587
0.03358982180764239
0.03548864860786125
0.036950357890067
0.038584986140485854
0.040006154008830584
0.04368247761701544
0.036208424899620395
0.029445494121561448
0.028536087110793838
0.033796706800349054
0.03480691686156206
0.03374542204895988
0.04408610533302029
0.04283510438438194
0.039994417483491515
0.04350096830477317
0.039260679919583104
0.03833639878508014
0.03543633818315963
0.03537850514442349
0.04082052140496671
0.04014919831417501
0.03950226766678194
0.03545352817296589
0.02924457951138417
0.03203203728732963
0.03506599554248775
0.04060505620824794
0.04163429870425413
0.03626315130987981
0.0419242584425956
0.03513272508357962
0.04028479408783217
0.03948438975649576
0.03561703944578767
0.03289272169427326
0.028322697651262083
0.03373597496383202
0.03772747670765966
0.0430043869279325
0.03629465628415346
0.03983714655196915
0.04003033749371146
0.03264569825415189
0.031687977018300444
0.03623031318032493
0.04051270840691965
0.045986036645869414
0.0493206414145728
0.042026740242145026
0.037903456998368106
0.04059422575500018
0.04196150309794272
0.04218825109982087
0.04762026048575838
0.05086993287627896
0.04911196308986594
0.038040041399654
0.04382009763813888
0.03839599170916093
0.03886158338127037
0.04147356519941241
0.0381100462951387
0.03254530335000406
0.036931129267128805
0.03374046061095821
0.03751344480396559
0.036296074752074976
0.040364210405386985
0.03847144802411397
0.03881720289587975
0.04207353298552334
0.04772682713034252
0.037518327445723115
0.04260452659179767
0.040125776880110306
0.03276242781663313
0.0268509004728791
0.031056590881198644
0.02847867166933914
0.03027122775868823
0.027509284772677348
0.0226682916287488
0.02494029897497967
0.03377762965392321
0.033077384103477624
0.03473887166629235
0.030688737145780274
0.026103406256685655
0.03204737967423474
0.03290074277067712
0.029791253550599018
0.03843957836739719
0.036461655801783004
0.030186127005144954
0.028040816156814495
0.027364823944323387
0.02880951936080237
0.024735284071648492
0.030915117364687224
0.029311586499679833
0.037137693346788486
0.032254243151886235
0.031578294418092505
0.0306634751901341
0.0356022175696368
0.030218174854914348
0.02930667974016008
0.026851654738808673
0.03045247373462189
0.031232371383036178
0.03313916024829571
0.029801605780764174
0.036261575747436534
0.031715445880157254
0.032580181014685274
0.029001620203101385
0.028769674173090606
0.029408359572601815
0.03070436172420159
0.03818097017705441
0.03756551004635791
0.04198213967184226
0.03733947890034566
0.041165548083372416
0.04146998211644435
0.04819678384810686
0.04791988381630896
0.04190331303669761
0.04184861531170706
0.03842464501271024
0.036288292666431514
0.035937085766733316
0.03609921754366951
0.03691252985969186
0.042538457421275475
0.03916844312955315
0.035532375529874115
0.041357234422024096
0.03215768955958386
0.032330210618674755
0.02817600427593182
0.033519111479011675
0.039016256563287846
0.03701262564243128
0.03192079482735911
0.039395067886604615
0.039485729408139984
0.036895968368044124
0.036576180813329605
0.02913324330545341
0.02531478780360582
0.027137128294756015
0.019526970004662872
0.021758051744351786
0.026803022746462374
0.031359528688093025
0.03307521319948137
0.03542719500760237
0.03595957417661945
0.02976929106283933
0.026913983954291325
0.028231800637052704
0.03348517087676252
0.0360995786509011
0.038045591533494495
0.03278802917494128
0.036068159096175806
0.037934975200332705
0.033766410052776336
0.03802878752622443
0.03834186374054601
0.03756876583521565
0.03887915358917477
0.03792988032723466
0.03909737479775989
0.040828094869308794
0.038806959545860685
0.036915591719249886
0.02972707661179205
0.026191097355155457
0.025038378170575016
0.024403187710947048
0.03345497369145354
0.032682897768875896
0.02792371314930885
0.03269477240430812
0.030653959093615412
0.03223766477574827
0.03225830704323016
0.03481285190830628
0.0377949256884555
0.04787893694825471
0.040235504064088067
0.040102743306197224
0.03659990739814627
0.03660370609490201
0.0371304426388815
0.034035332474547125
0.03496947682152192
0.0355154971126467
0.037028871524768574
0.03987669749651104
0.040047291667821505
0.0388180919814234
0.041578498006177446
0.04511284045254191
0.04247197468066588
0.04227448548481334
0.04019322501650701
0.04382582706321652
0.04123778045798342
0.036650664043457556
0.03274471684048573
0.032707326415305334
0.02760303293626445
0.024378719326729578
0.027334028986127426
0.028826867621392013
0.03712770128195795
0.04293507278896868
0.04149939398591717
0.042120144242653625
0.04269301840298188
0.04059602625668049
0.04234482401817028
0.04925300599075854
0.035677927135645104
0.033872488009510565
0.03326124592218548
0.04084848920814693
0.03145575806964189
0.02985817702273683
0.03131700293781857
0.038782126602406305
0.03953610378627976
0.034801500217290594
0.028242570132715628
0.03681248907543098
0.03997818611562252
0.03482428754718664
0.034997499328261863
0.03591435645934932
0.039546276830757655
0.04412941296119243
0.0433575805517224
0.04332858705039447
0.03477408242877573
0.03624772928111876
0.03247530968549351
0.03734392385619382
0.029776510644393663
0.029684577748800317
0.030276604403431218
0.03128154326540728
0.03215591051538164
0.02843761629386184
0.030207849465465793
0.031154171515566608
0.03534450181915114
0.03665032440641274
0.03583525080034936
0.03495620305339495
0.03482806893841674
0.04107847752864473
0.03777715770178475
0.041092993447867536
0.039948641456042724
0.03871583798531598
0.041083877123892304
0.0391836313996464
0.031951434724032876
0.03376126407024761
0.03494922953580196
0.035231419735743355
0.039678550197277215
0.04139098421127225
0.04140398172273611
0.0464567259978503
0.03603017373010516
0.03318829264491797
0.03647881469805725
0.041090465107311805
0.03746244135351541
0.027843849789739274
0.030005978150390245
0.035892764734259494
0.04119341092028966
0.04891793644288555
0.05039453603016834
0.044960098906885834
0.041488089648385844
0.039287754048903785
0.03163452469249023
0.036958335631837445
0.041904097944498064
0.03828596068934227
0.04261812596116215
0.04667938978527673
0.04290042869504153
0.03685846602311358
0.040174786418986815
0.03487375047484723
0.035560280349648865
0.036872738061938436
0.035303030802557867
0.03374915009054045
0.0315180663667464
0.03320556752073268
0.030359441938320134
0.02319749608092631
0.02341930074384436
0.02304581959731877
0.03048685102413098
0.03032519498995195
0.02628375043626875
0.032219885053733986
0.04211047463371263
0.046086682464616995
0.0414031575837483
0.0373229343459631
0.036760100129370886
0.03309108502600187
0.03396007133337359
0.02790475949412212
0.02641558581807961
0.028593429581572613
0.033682570615783336
0.03607240069269513
0.039263715089764444
0.03313502289354801
0.028618848950912556
0.02981332635584598
0.03274749678481991
0.034269961644895375
0.0379983851329113
0.03950701620119313
0.0429253851591299
0.03680825053093334
0.03806922336826877
0.03443120123799114
0.037309398537812136
0.03317137033989032
0.03141603562136879
0.03332055147892485
0.033921631881191086
0.04242394321598113
0.043268203527356185
0.038016358804889024
0.04349324433967316
0.04801733218948357
0.04362760290193061
0.04025624402682297
0.04465496845698605
0.04508041021763347
0.03973473361227661
0.04128905333423366
0.037202152305593095
0.03664797485301582
0.03689038472560545
0.03590498087345623
0.03759901853899161
0.04432078669779003
0.045939357541501524
0.04456097674847115
0.0423112695881476
0.04178712669915209
0.02676515077590011
0.02348341088431577
0.025949424840509893
0.02865784697389851
0.03330013721116605
0.032146313238578535
0.036434817459279054
0.029933523246242353
0.038666083298934
0.042907732731740304
0.056438820383045825
0.049867266402579845
0.048462146036326884
0.044723750529810785
0.03957312872633338
0.03874169356189668
0.04282413450021219
0.043067239481800544
0.03523913396660646
0.03406314912252128
0.03410361468636741
0.035594380317876734
0.03978016610722989
0.03973182955446342
0.034886916900674504
0.03052906542705993
0.028859906983561813
0.029919654351833743
0.02944302052259445
0.02702080737488965
0.02342366845793246
0.02467797740517805
0.029925173829930523
0.02675052288842077
0.030299295760147893
0.03507807832444087
0.03551304598028461
0.04075429178735552
0.039022548540184894
0.040035764793865385
0.03748199090051154
0.03859806911554187
0.0344621502742181
0.03793268008002391
0.03211165531538427
0.03224838188897896
0.03545910479966551
0.031249839004594833
0.030926319505476082
0.035461974981396145
0.03584253745114741
0.03743966281772979
0.034712892429282265
0.035809972834346504
0.03151774268005587
0.017781165757526952
0.01915580275778969
0.018682805076241493
0.022005347719726464
0.0247927432670258
0.028225841741077604
0.03321793964443107
0.03165781690971926
0.03473007239090899
0.03799624479065339
0.03827387712119768
0.033044626478416224
0.03623916430437627
0.03980315757760157
0.0411733465998744
0.03190502703810732
0.03069856399980684
0.03567789106241738
0.03999715806916356
0.040406661595528325
0.04284041864098981
0.03859391915223872
0.038222400144053
0.044195766217114095
0.038134214932021376
0.0357537642470561
0.032759270439079655
0.03288266625255346
0.026334535654944678
0.030825374785029756
0.030491219457859795
0.03239792641164968
0.034048942446825096
0.03306964588661988
0.03042796909615087
0.028931994018494153
0.026435800957648706
0.026521498071961105
0.023690912475188574
0.028237388296984137
0.03305488847661763
0.03613833061026526
0.03597996157729843
0.03305513346257309
0.03565901423241788
0.03282827391832446
0.031258094688722246
0.048697090484201906
0.017672694678185507
0.023288766426606648
0.02807233316396984
0.02894543143066888
0.03459434846416116
0.03367040583242973
0.038167681167833506
0.035768987979584686
0.03295090101271247
0.0372514896808813
0.04024297199367235
0.030428444913898903
0.028670313632270943
0.029381749033927918
0.030825598334583145
0.029088690326316283
0.03481000586102406
0.030315820509761882
0.028531659410752277
0.026364160858405133
0.02503634015408655
0.028489746501048407
0.026254647141322494
0.034027529939388235
0.031009240186152358
0.029564901950458685
0.031509241083986124
0.030946379347393912
0.031306556275036805
0.033028905501511566
0.031008995808660983
0.028252801642908405
0.029184925449856867
0.03208939582730333
0.03853677285059045
0.034198307221134504
0.028367869697588807
0.036051805701184395
0.03705199608579278
0.035706367833942446
0.032480532221185666
0.03819403065368533
0.03729286248019586
0.03666643382050097
0.032528826344835886
0.029293152137349048
0.027266551188464896
0.03257288099111368
0.029903734234782556
0.0318491454453518
0.03065656420988186
0.032395840967074034
0.03344355200941209
0.03338005749237103
0.033925614046068704
0.031591566745967914
0.03549557636569565
0.03208346485781173
0.0398102941022565
0.04052772796402375
0.04349191368169462
0.04232486551549906
0.03915785313777936
0.039296038810280154
0.03270798739278689
0.0351582046939681
0.02902516311655442
0.020426463703843184
0.020853418646656793
0.031026340854198982
0.024771299259737135
0.029113208299919886
0.028393809661113968
0.031135715764636796
0.04200756362949808
0.04372109036737432
0.042194876280021464
0.044473811307301124
0.049227294934292634
0.04278548040252644
0.040769716658687685
0.03511736776058873
0.02949033907925089
0.02764849331152315
0.03251543320327376
0.035405691601336005
0.03332640095206443
0.04201256456164022
0.04041051742155105
0.03527962967811618
0.02948864337056875
0.029484686596939962
0.03160128522004622
0.030079289233932893
0.03319547340273857
0.02970696354789349
0.029433798571893325
0.03382706663881739
0.035090835308268044
0.03541557930409908
0.031403388613640955
0.023992366697930267
0.030744178512444098
0.044128861889087906
0.0436370345732818
0.046028398461639884
0.0365070631079531
0.04419368544118091
0.0474137053048859
0.04307891729210193
0.03740365338287423
0.03428789372555911
0.031486172922110804
0.031086646417776743
0.03424534906400368
0.0351365940622054
