1.1248947962125142
0.6555613551537196
0.4114660370349884
0.3132588149110476
0.21405883332093556
0.16869701812664667
0.1018849092721939
0.08239289517203967
0.06039474487304688
0.06052504360675812
0.04445958482722441
0.042786645765105887
0.04237420357763767
0.04135562109450499
0.04095587288339933
0.039532365724444386
0.03748788453638554
0.033604651242494586
0.03647628596673409
0.034549816884100436
0.03213191503038009
0.030560246718426547
0.034194280467927454
0.03594082593917847
0.039303775367637475
0.04181719152877728
0.04426494394739469
0.04048116939763228
0.03734495352953673
0.03419677719473839
0.03254136507709821
0.03493513680994511
0.033014828972518444
0.03174793992191553
0.034526897184550764
0.04025240082293749
0.037206147586305936
0.040594242525597415
0.03844914010415475
0.03608019600311915
0.034059678614139555
0.03158151765664419
0.033518004963795346
0.031600365142027534
0.03276274879773458
0.03166257474571466
0.03237425237894058
0.03473038330674171
0.03498108059167862
0.035587879195809365
0.03527141846716404
0.03614662418762843
0.03847394863764445
0.039915496855974196
0.03906285273532073
0.03866665997852882
0.03687564678490162
0.035818275387088455
0.03665171176195145
0.036622729388376074
0.037131461823980014
0.035997402841846146
0.03690614886581898
0.03584175494809946
0.037568572362264
0.03837810310224692
0.03700573402146498
0.04248157059152921
0.04647013548761606
0.04717764397462209
0.0465303273499012
0.04449703551828861
0.03991390973329544
0.037765538369615874
0.036768689006567004
0.03600715716679891
0.03503611172238986
0.03473895316322644
0.03797995422035456
0.035309768803417685
0.03689296280344327
0.036173609619339304
0.03418220333755016
0.032517441834012666
0.03391552604734897
0.03462464995682239
0.035559015497565266
0.03609486059596141
0.03512011305739482
0.03505611094335715
0.035227642953395845
0.03281792130321264
0.03277801994234324
0.03439771040032307
0.03432472211619218
0.034170943076411886
0.034758478527267773
0.03433043936888377
0.036189859608809154
0.03721681021153927
0.03712541046241919
0.035342648377021155
0.03672489916284879
0.035675823216636975
0.038426628212134044
0.03675770076612631
0.0375931204110384
0.03899094360570113
0.036579562947154046
0.03827982378502687
0.03662221776942412
0.03633543267846107
0.033559201235572496
0.03333765824635824
0.03475113354623318
0.03271818097680807
0.03398857985933622
0.03446007205794255
0.0351708131035169
0.03518880980710189
0.033905864991247654
0.03420104220509529
0.03475854815294345
0.03590937440594037
0.03561798041065534
0.035489922935763994
0.035856620694200196
0.03445276175936063
0.035710995482901735
0.03485328197479248
0.03465020685146252
0.038249585318068664
0.03675655824442704
0.0377999318142732
0.03609430159131686
0.035736042285958926
0.036688545073072114
0.035867357601722084
0.034603549912571904
0.034890994578599926
0.03642062686383724
0.037225724657376606
0.0381842536230882
0.03693886379400889
0.03513161679108938
0.03477274267623822
0.03768082603812218
0.035988808050751685
0.03710539686183135
0.03724819865077734
0.03815957225859165
0.03952912751585245
0.04050043399135272
0.037961872071027754
0.03692163926859697
0.03405080527067184
0.03358336883286635
0.035680747441947464
0.03641866964598497
0.034935544356703756
0.0360117677350839
0.03586869567632675
0.03610607676208019
0.03425940796732903
0.033722938497861225
0.03270194893081983
0.0332739669829607
0.03336547533671061
0.03579266426463922
0.03627707829078038
0.03686187465985616
0.03750047851353884
0.036787969022989274
0.035435841381549836
0.036904427024225396
0.03658210381865502
0.03654238579173883
0.03652528921763102
0.03759072999159495
0.03933402342100938
0.03849253406127294
0.03844733819365501
0.039463752508163454
0.03823366676767667
0.03833851102739572
0.03921529273192088
0.038621043289701146
0.03634076621383429
0.03642660195628802
0.03408761928478877
0.03507699985057115
0.035577848454316455
0.036015827904144926
0.0365282125522693
0.037893907179435096
0.036131951784094174
0.0357209866369764
0.03416742811600367
0.03661211070915063
0.03748409368097782
0.03741268677016099
0.036090340067942935
0.03509101708730062
0.03506851448367039
0.03769817235569159
0.035387209405501684
0.033006099487344426
0.033895333806673686
0.03482644788920879
0.03508916664868593
0.0382037037362655
0.036790360808372495
0.03717840497692426
0.03535205945372581
0.03555488891899586
0.03817688633998235
0.036784827907880145
0.03762275519470374
0.03793421832223733
0.038624864916006724
0.03790745367606481
0.03792437886198362
0.03817983311911424
0.03587509935100874
0.03428408224135637
0.03409157854815324
0.03415399792293707
0.034036409333348276
0.03355757897098859
0.033410438671708106
0.033729098389546075
0.03477396139254173
0.03339914090931415
0.03327150891224543
0.032860904932022095
0.033398429788649084
0.03420830298215151
0.034476036702593166
0.03430918057759603
0.034837635296086474
0.03364515285938978
0.03472927453617255
0.03564726841946443
0.03534388822813829
0.034721267347534494
0.03578101602693399
0.03545603593190511
0.036132752572496735
0.03746982426693042
0.03723607882857323
0.039272795046369234
0.03901808924973011
0.038018410950899126
0.038891868144273756
0.03821291860193014
0.037339215589066346
0.03723336182534695
0.03451811691125234
0.035364401613672575
0.03483498343576988
0.035589114526907606
0.036128984106083714
0.03651634650925795
0.034734177564581234
0.03681263711303472
0.03742727903028329
0.03801773538192113
0.03571952218810717
0.03601510999103387
0.036377484997113546
0.0362168459345897
0.03645601323495309
0.035958028559883434
0.034904200409849484
0.034368297830224034
0.03472678646445274
0.033100139424204825
0.032618745205303036
0.03347320494552453
0.033394062717755635
0.03145815289268891
0.03118538501362006
0.0322776635736227
0.03346751766900222
0.032699254055817924
0.03338569232573112
0.035373028193910916
0.03453676717976729
0.03454908413191637
0.0323186672727267
0.03205721239248911
0.03373559443900982
0.03345429668823878
0.033945662441353004
0.033742784870167575
0.03454350866377354
0.03453543989608685
0.034739620313048364
0.035357900274296604
0.035615378767251966
0.03429948722322782
0.03563545562326908
0.03571477628002564
0.03615143705159426
0.03539294298738241
0.035004163657625514
0.05888246407111486
0.039163335586587585
0.036550847080846625
0.03641444019973278
0.03767195028563341
0.03900410182774067
0.03766824593146642
0.0369867375617226
0.036483662724494936
0.035996590927243236
0.03600078706940015
0.03598929504553477
0.03640237244466941
0.03530939985066652
0.03420498092969259
0.035559037898977595
0.03606686489035686
0.0377962014824152
0.037725922067960105
0.03751456692814827
0.03513863715032736
0.034448081677158675
0.0350731927032272
0.03529154617339372
0.035789747362335526
0.035415265448391436
0.03624077131350835
0.035710607146223386
0.035161326018472515
0.03811779362459977
0.03762894464035829
0.037118016332387926
0.036710956568519276
0.03817232433706522
0.03887135565280914
0.038360811074574785
0.039046593755483625
0.03560852753619353
0.03408123301963011
0.034624280060331025
0.03575898639857769
0.035275232990582786
0.03621013122300307
0.03453776883582274
0.03392036286493143
0.03571572537223498
0.03831636883318424
0.03807875343908866
0.03891420496006807
0.038630083339909714
0.03918741521735986
0.038496451104680696
0.03709360222021739
0.03814006261527538
0.03699591354777416
0.03534961997220914
0.034656802800794445
0.03627842279771964
0.03612479399889708
0.034517586392660934
0.03460997138172388
0.03569378532469272
0.0353255802517136
0.0350816972181201
0.03654056685666243
0.036542878039181236
0.03534033462405205
0.036854777683814365
0.037091650801400346
0.035336988009512425
0.03759730393687884
0.03730900555849075
0.03787857246895631
0.03857689098765453
0.03746245508392652
0.035085634229083854
0.03492406407992045
0.034766329390307264
0.03434166458745797
0.03512695729732514
0.037219490135709445
0.03987879805266857
0.04099768675863743
0.04248767745991548
0.04148677619795005
0.040918352703253426
0.039964488074183464
0.03994401432573795
0.03864410733183225
0.03997352200249831
0.03995590227345625
0.03998096918066343
0.039130081633726756
0.03783729943136374
0.03751706379155318
0.03739446683476368
0.03836937305827936
0.0376369176308314
0.03648193170626958
0.03533509490390618
0.03673624160389106
0.03496655076742172
0.03364896760632594
0.033759242594242095
0.03484634815404813
0.03594418415178855
0.03784449550012747
0.03856339864432812
0.038350923160711925
0.03938921766976516
0.038518919659157595
0.03883249118924141
0.036614961947004
0.03591254624227683
0.035998740618427595
0.03667257788280646
0.03585422684748967
0.03569895904511213
0.03516421609868606
0.03565530271579822
0.03604140229523182
0.0362525113299489
0.03578244733313719
0.036785114568968616
0.037755439827839535
0.03815914327899615
0.03894480641931295
0.039768117293715474
0.03899763618906339
0.0379054186368982
0.03753957538555066
0.03514666847884655
0.03468165202687184
0.036485980513195196
0.03556918434798718
0.0364062329630057
0.036266731744011245
0.03688894475499789
0.037012600948413216
0.037285447989900904
0.037733015157282356
0.03569649312645197
0.035441071055829526
0.03570517413318157
0.036860595345497134
0.03604487126072248
0.03548610724508763
0.035572090769807496
0.03522527041534583
0.03701144802073637
0.03744582818200191
0.03876000398149093
0.04008921982099613
0.0378458891560634
0.03641418407360713
0.03554623139401277
0.033863060101866724
0.03512768217672904
0.03592402244607607
0.03650439205269019
0.03593682140111923
0.035148705057799816
0.034369103933374084
0.035713231340050694
0.03538949813693762
0.0359585260724028
0.03597699608653784
0.035331182355682056
0.035802579919497174
0.035572180238862834
0.035578624308109284
0.03557192161679268
0.037319675435622535
0.037299987400571506
0.03705896452069282
0.03853229649364948
0.038380740160743394
0.03747217483818531
0.03673994225760301
0.0384355195860068
0.03819119771321615
0.039337180629372595
0.038648723115523656
0.0384762516990304
0.036320602844158806
0.03627086422095696
0.03505566728611787
0.034829370615382986
0.03545241984228293
0.037017755707105
0.036317723331352074
0.03574249096214771
0.03512417213370403
0.035338879277308784
0.039233460972706476
0.038913320650657016
0.03927534465988477
0.03879267377158006
0.03787792660295963
0.03732214763760567
0.03673001007487377
0.03721630575756232
0.036642004549503324
0.037230472813049954
0.03612910500417153
0.036296976084510484
0.03617328993976116
0.03809169843792915
0.03684021936108669
0.03698837605615457
0.038492564509312314
0.0385429772734642
0.03910141753653685
0.03836818759640058
0.03951794606943925
0.036634994745254515
0.036308407137791314
0.03755917665859063
0.03666061046222846
0.035943042288223905
0.03545164870719115
0.035726913462082545
0.03638594102114439
0.03676331762224436
0.038242606396476427
0.03616762061913808
0.03722089355190595
0.03597458948691686
0.035821028699477515
0.035977983350555104
0.03593585488696893
0.0347176256775856
0.035199684984982015
0.035283001561959584
0.03472673011322816
0.03571519615749518
0.03688222993165255
0.04074999758352836
0.04166047337154547
0.04156053811311722
0.03967700115094582
0.03909440298875173
0.03811976047853629
0.037912362006803355
0.03747035508354505
0.03795808662970861
0.039933801218867304
0.039128242209553715
0.03651235972841581
0.03619489798943202
0.036517545307675994
0.038437628075480464
0.039683577194809916
0.041173864702383677
0.03976630498965581
0.03956853844225407
0.04079693588117758
0.04155669286847115
0.0399971579015255
0.040154823313156764
0.038210686792929965
0.03721974775195122
0.03849347330629826
0.03646042016645273
0.03865280552456776
0.0381127172956864
0.03708478142817815
0.03855884990344445
0.034918159643809
0.03593577524026235
0.03393953307221333
0.03456555490692457
0.03564685627818107
0.034201907912890114
0.036591074764728546
0.03599491157879432
0.03303052386889855
0.03355026056369146
0.034615090613563854
0.03395606075723966
0.03393921881914139
0.03522468540817499
0.034785387068986894
0.035553737978140515
0.035717539687951404
0.03696083222826322
0.03652409772078196
0.03647619602580865
0.03614872516443332
0.03609178230166435
0.036002358769377074
0.03713800825178623
0.03763229394952456
0.037077447970708215
0.03896291393786669
0.039757396429777145
0.0377305656671524
0.03634476148833831
0.03775358681877454
0.03479470799366633
0.03590292869756619
0.03682966575026512
0.037289097780982654
0.03959544216593107
0.03742708640793959
0.03765658030907313
0.03771038979291916
0.037325785756111146
0.03705379476149877
0.035886909092466036
0.0367249204715093
0.03724879312018554
0.038194143051902454
0.03863854048152764
0.03790720224380493
0.0365687262515227
0.03781330672403176
0.03676732922593753
0.03676372992495696
0.03603379011154175
0.035794041802485785
0.03586078383028507
0.03577963908513387
0.03568622009207805
0.034472291991114616
0.03395113588621219
0.035542731583118437
0.03602802547315757
0.03720503062009811
0.03548315500219663
0.03563468087464571
0.035526058798034985
0.03459195002913475
0.03661360705892245
0.03680196400731802
0.03635817367583513
0.03489739308754603
0.03474923253059387
0.03479173169781764
0.0356964049115777
0.03475108960022529
0.0353401580452919
0.03711654125402371
0.03870126408835252
0.04040206561485926
0.03907330120603243
0.03825668049355348
0.036340027824044226
0.03620271687706311
0.03701969798654318
0.03782851694772641
0.038426926856239635
0.039542314981420836
0.040012891789277395
0.03859589499731859
0.037079804887374244
0.03756111949682236
0.03866094147165616
0.035067907869815826
0.034826641008257865
0.03278135961542527
0.033753979715208215
0.03355591182907423
0.034785438887774946
0.036228482474883396
0.036497086261709534
0.035289340478678544
0.03501897004743417
0.03409432133038839
0.03593858867883682
0.037232112226386865
0.03844917019208272
0.03967516935120026
0.037454135765631995
0.04007783954342206
0.0402884961416324
0.04055966941018899
0.03853366661816835
0.036786676322420435
0.03594495059301456
0.03759527123222749
0.03599092120925585
0.036361281126737595
0.03700300663709641
0.037931649635235466
0.037781608154376346
0.0360201246291399
0.03503882850209872
0.03610535451521476
0.03698342129588127
0.03675343935688337
0.03536360972871383
0.03629404919842879
0.037125001202027004
0.036897297253211336
0.03666069500148297
0.03718437898904085
0.03557287321736415
0.03775874773661295
0.03884689507385095
0.0387252077460289
0.037491059054931004
0.036761527756849925
0.036340834473570185
0.0370910640557607
0.0375200646619002
0.040185218999783195
0.03839066301782926
0.03709405439595381
0.03604025336603323
0.03771435757478078
0.038838199426730474
0.039964950134356816
0.03889779053628445
0.038001455664634705
0.03586374378452698
0.037235744843880335
0.03614974475155274
0.034735822180906935
0.035512018290658795
0.035163026278217636
0.03506266611317794
0.035838747248053554
0.03663415110359589
0.03758315292497476
0.03987400949001312
0.04111299522221088
0.040797151476144794
0.04178936896224816
0.03866452229519685
0.03875594158967336
0.03629458986222744
0.03694515677789847
0.03619337687889735
0.03734916560351849
0.03751689578096072
0.03660272136330604
0.03654881159464518
0.036980451320608454
0.03679527593155702
0.036215493629376094
0.037318060187002025
0.03851510024319092
0.038740337379276756
0.04054878527919451
0.03972447161873182
0.03763246675332387
0.036757170483469964
0.036315079008539516
0.03838062591850758
0.038862789782385034
0.039344085305929186
0.03812128280599912
0.03494003179172675
0.034241997202237445
0.0349099924787879
0.03686718059082826
0.03806917687257131
0.037660881876945496
0.03546559736132622
0.03426757174233595
0.034582750412325065
0.03430651384095351
0.034265042096376416
0.03427569811542829
0.035524041925867396
0.035487479406098525
0.03399561163038015
0.033792120118935905
0.035464776866137984
0.034166847728192805
0.036409717860321204
0.03870178130765756
0.04008433113495509
0.036509680238862835
0.03565119015673796
0.03579993156095346
0.03650974050164223
0.035917301028966904
0.03661235548555851
0.0369926497588555
0.03653602125744025
0.03577088162302971
0.03953730950752894
0.03941415635248025
0.038598320707678796
0.03772277948757013
0.03697615666935841
0.03677324483791987
0.03734646352628867
0.038654967670639355
0.03830975758532683
0.03704472028960784
0.03803613670170307
0.04014991561571757
0.039685998459657035
0.038871751328309376
0.038723965734243394
0.03708688880006472
0.038795427729686104
0.03918948769569397
0.03822598909338315
0.03724840181569258
0.03754855329791705
0.03730917731920878
0.03618829102565845
0.03735956552127997
0.035341629336277644
0.035600935518741605
0.035907895093162855
0.034755954233308635
0.036966521826883154
0.03860673554241657
0.03925691877802213
0.0391551881780227
0.03703129408260186
0.03678057173887889
0.03660594951361418
0.037743076061209045
0.03724366510907809
0.03670105052491029
0.03665530038376649
0.03628029646972815
0.03551052977641424
0.03549415489037832
0.035204707210262615
0.033081157729029656
0.0324541978786389
0.03216726996004581
0.03316587045788765
0.034355270477632684
0.03523403699199359
0.035617260287205375
0.03567255043735107
0.0377573845287164
0.03697883178790411
0.0378025134280324
0.03563761681318283
0.034188550946613154
0.03315081436187029
0.03296096209436655
0.03154849148044984
0.03270402496059736
0.03391141210993131
0.035261319478352864
0.036031719458599884
0.037881691480676334
0.03796697547038396
0.04025717491904895
0.03873507335782051
0.036860602423548695
0.036558762602508066
0.03743536007901033
0.0370843131840229
0.039134443948666255
0.03822770776847998
0.03727592905362447
0.040233791768550874
0.03954483566184839
0.03723327780763308
0.03705032107730707
0.037429820199807486
0.03582056209445
0.036751670415202775
0.03477108832448721
0.035285995850960414
0.03711589965969324
0.03658419169485569
0.03743456684052944
0.036810943310459456
0.03876224398612976
0.03900345350305239
0.037373195464412375
0.03761141790697972
0.03655696208278338
0.036896089936296145
0.037235222421586514
0.03749239748964707
0.03617827862501145
0.038336301433543364
0.038237546036640806
0.03866387277841568
0.03874106042087078
0.038106335426370305
0.03641309902071953
0.03587482957790295
0.03482836786657572
0.03596383335689703
0.03781232964247465
0.03810284705211719
0.036722276682655014
0.0358204809576273
0.03616922763486703
0.03679045885801315
0.038708974123001096
0.036982827546695865
0.037968665237228076
0.03622530904908975
0.03867514707148075
0.03807325998942057
0.03659540640811126
0.03640950590372086
0.03606387116014957
0.03590191176782052
0.035784289439519244
0.03702538821846247
0.03685892626643181
0.03669620539993048
0.03724930687497059
0.034971740891536075
0.03428476547201475
0.03386561253418525
0.033306542312105496
0.03406545629103978
0.03409567272911469
0.03309443857520819
0.03357015546411276
0.035795867356161276
0.036865830508371195
0.03778805660704772
0.03682500875244538
0.03874968315164248
0.03841690838336945
0.03938869076470534
0.03794103095928828
0.036457312206427256
0.03581971815476815
0.03866375627617041
0.03885949109991391
0.03872953342894713
0.037892838170131046
0.03672802073260149
0.03798454504460096
0.03746501209835212
0.03726417206227779
0.03476206505050262
0.03525270125518243
0.03567404801646868
0.035839170813560486
0.03666963721315066
0.03800189095238844
0.037445007612307867
0.03676073871552944
0.036431992202997206
0.03593428949515025
0.03594328127801418
0.03535374570637941
0.036877131114403404
0.03663452126085758
0.0372444994499286
0.03625524761776129
0.03520084535082181
0.033853512319425745
0.03379295627276103
0.03407812575499217
0.03493538642923037
0.035582902953028676
0.03605796587963899
0.0345907303194205
0.03448058199137449
0.03443118231991927
0.03398396863291661
0.034370850572983426
0.03470112742235263
0.03385031496485074
0.03571371786296368
0.036154245932896935
0.03709881531695525
0.03674082244435946
0.03623996237913767
0.03345585860311985
0.034571787690122924
0.034540417306125164
0.03647679718832175
0.038511950174967446
0.03974413176377614
0.03939606259266536
0.040296561146775885
0.039284249544143675
0.036301684230566025
0.03562793304522832
0.03579840789238612
0.03610538089027007
0.039159551958243055
0.03912818804383278
0.038327229022979734
0.03610011513034503
0.03538792495926221
0.03652458593249321
0.03533806788424651
0.03412478516499202
0.03553749059637388
0.03584870687375466
0.03410958385715882
0.036107330769300464
0.03661963906139135
0.036870380093653995
0.037411339357495306
0.0381467800339063
0.038423993463317554
0.0369633541504542
0.0341453812768062
0.03496334470808506
0.035041557848453524
0.03605745652069648
0.037722329534590246
0.037382618536551795
0.03448957592248916
0.03431952555974325
0.03503205077101787
0.03478529448310534
0.035324615513285
0.033949062923590345
0.03391981922090054
0.03386529438197613
0.03436091512441635
0.034968250195185346
0.035268959427873295
0.036836036865909895
0.03653789759924014
0.036002780199050906
0.03742302653690179
0.037154900953173635
0.03710565783083439
0.036949348226189616
0.03703065417706966
0.03626201150317987
0.03493601841231187
0.0346639354651173
0.03541081801056862
0.03556150349477927
0.035062099136412145
0.035100573090215526
0.035779568304618196
0.03645269997417927
0.03802104858060678
0.038049696870148184
0.03705070443451405
0.03671094295879205
0.036206349755326904
0.035502079824606576
0.035403810093800225
0.03760363008826971
0.036976205532749495
0.03516742914915085
0.035653668170173965
0.03517693426460028
0.03673165552318096
0.03621000544478496
0.03587545556326707
0.03631947064151367
0.036736493880550065
0.036561496555805206
0.0370543359965086
0.03805692081650098
0.03666244238615036
0.03599783800542355
0.03616101856033007
0.036472624962528545
0.037400562316179276
0.036371259714166326
0.0361250064522028
0.03689345122625431
0.03741564055283864
0.03708040410031875
0.037456054153541724
0.036462050477663675
0.03645537453393141
0.034928221081693966
0.03529272438337405
0.03678958564996719
0.03586774572730064
0.03577126608540614
0.0372271158794562
0.03743805990864833
0.0354093279192845
0.035219251587986944
0.0352983237306277
0.03428340896964073
0.03443047861258189
0.03536095493783553
0.03420196902006865
0.034074682692686716
0.03516662136962016
0.0352802786976099
0.035510818958282474
0.03575869601219892
0.03484416971604029
0.03489463529239098
0.036921094519396624
0.03740888847659032
0.03572297355780999
0.035542059329648816
0.03609666717549165
0.03551143147051335
0.034712285560866196
0.03516827498873075
0.03604658002654711
0.03564767199258009
0.0356810270746549
0.03730035866300265
0.036932011768221855
0.036605957771341006
0.03713935447235902
0.036328294364114604
0.035478452915946646
0.035142184359331925
0.03485616989433765
0.03419776835789283
0.034121371222039065
0.0354444732517004
0.03544273915390173
0.03516104898105065
0.03657537007083495
0.036871982688705125
0.03732104271650314
0.03814802348613739
0.03805868896345298
0.03779425248503685
0.03614603377878666
0.03702167438964049
0.03704218218723933
0.03683684894194206
0.03647123840947946
0.03683474541952213
0.0359531985844175
0.03627295409639676
0.038324152876933415
0.03783422656357288
0.036699279434978964
0.03522289279848337
0.034058631621301176
0.034360804234941804
0.03781235267718633
0.038800530210137366
0.03928110515077909
0.03845461100339889
0.03812841489911079
0.03859278254210949
0.038746379415194196
0.038611751273274424
0.03787504658102989
0.035888490378856656
0.03657351362208525
0.03712148953229189
0.035611985897024474
0.0347477874904871
0.03510810683170954
0.036645542830228806
0.036649021804332736
0.03666671281059583
0.03638172164559364
0.035497698162992794
0.035262346900999546
0.03463098061581453
0.0340271799514691
0.034134675537546476
0.03498850975185633
0.03575317536791166
0.03648606228331725
0.03680383848647276
0.03696651568015417
0.03662537918736537
0.037143462275465326
0.0460881370306015
0.03699423527965943
0.03558189487705628
0.037943361513316634
0.03910450076063474
0.03794651976476113
0.037087451741099356
0.0382276430229346
0.03725322755674521
0.03630986197541158
0.03566066344579061
0.035564472352464994
0.0357674170533816
0.037422795084615545
0.03781870568792025
0.03727302799622218
0.03815038534502188
0.03517875877519449
0.0373316007355849
0.03816193257768949
0.036142402092615766
0.035655623277028405
0.03549626104533672
0.035177966306606925
0.03585875280201435
0.03664268065243959
0.036131743217508
0.03535582281649113
0.036163013875484463
0.03754501519103845
0.0373465841760238
0.03640631121893724
0.0361919384325544
0.03680925485988458
0.03641396564741929
0.03728184608121713
0.037081619252761204
0.03691646305223306
0.03644098645697037
0.037502811526258784
0.0375336687763532
0.03673848085105419
0.036323960795998575
0.03649221363166968
0.03583845878640811
0.03600616812705994
0.03535852904121081
0.03572243414819241
0.03618898277481397
0.037091004277269045
0.03557513718803724
0.03514242149889469
0.03594549381484588
0.03538290074716011
0.035001462424794835
0.03628419666240613
0.03636103765418132
0.03604408639172713
0.03642684956391652
0.03690068192780018
0.03706713326275349
0.03648906834423542
0.03425022777169943
0.03427093219012022
0.034857828244566916
0.03456412230928739
0.03598542811969916
0.036143665288885435
0.03559850707650185
0.03616774658362071
0.03516971322397391
0.035241659730672836
0.03582104995846749
0.03599856407692035
0.03570779671271642
0.035796439734598
0.035080435425043105
0.03601275687416394
0.03680294337371985
0.0351529694845279
0.03604780110220114
0.0356256086875995
0.034975346078475314
0.035404162555933
0.0353955073406299
0.036146164362629254
0.03748712052901586
0.03767783870299657
0.03879256737728914
0.03796737392743429
0.03821008029083411
0.03766498950620492
0.03722319858769576
0.03620420917868614
0.036211264679829276
0.035458492413163185
0.036515027768909934
0.037217189992467564
0.03692774171630542
0.036952812659243744
0.03550093450893958
0.03510895870625973
0.035229833225409186
0.0344066242997845
0.035046933541695274
0.03523636261622111
0.035189868186910944
0.03801589707533518
0.03678297989070416
0.03664625319341819
0.03717775618036588
0.03658707025150458
0.035944402975340684
0.03611679702997208
0.03418881597618262
0.03360576701660951
0.03563051881889502
0.03530079151193301
0.03680680389205615
0.03569792749981086
0.03550370049973329
0.03604866269975901
0.03471899392704169
0.035646688851217426
0.03556237656623125
0.03878149426231781
0.039526352658867836
0.03851035458346208
0.036951465010643
0.03630828198045492
0.03740791164338589
0.03741400621831417
0.03747719841698805
0.0346573951592048
0.03458140475054582
0.034796650931239126
0.035357653324802715
0.03453014932572842
0.03487269682188829
0.033721917817989985
0.03345676677922408
0.03382788841923078
0.03362115569412708
0.03234803610791763
0.03275078458090623
0.03337726056575775
0.033377810542782146
0.032325986437499524
0.03219146872560183
0.03301892374952634
0.034385591844717664
0.03582517296075821
0.035813300361235936
0.03395264481504758
0.034295981352527934
0.035439672159651915
0.03680662115414937
0.03559860563526551
0.03634152683118979
0.036486136242747304
0.035351314544677735
0.03670411294947068
0.03779545110960802
0.03730230220903953
0.03700833496948083
0.03627705124517282
0.03662995409220457
0.035434176524480186
0.03637686098615329
0.03646852840979894
0.035496276803314686
0.03638437289744616
0.03603187508881092
0.03563057626287142
0.03615332535157601
0.034800866805017
0.034092676887909575
0.03469130681206783
0.0337971839060386
0.03499247841536999
0.03578380331397057
0.0368274628619353
0.03557437062263489
0.03648149789621433
0.03851302832365036
0.03959177826841672
0.03833398920794328
0.0384391297151645
0.038191290373603505
0.03786250213781993
0.03682169775168101
0.03655747096985579
0.035913074078659214
0.03709821208069722
0.03592096611857414
0.036459924466907975
0.036737478598952295
0.037021659140785534
0.03910853969554107
0.038354081412156425
0.03872831961760918
0.03998645208775997
0.03849447225530942
0.037137962381045025
0.037708567914863426
0.039029766966899235
0.03871273674070835
0.037177991506954035
0.03658944835265478
0.03564141852160295
0.03474459630747636
0.034653297439217565
0.03348574782411257
0.03463461186736822
0.035265674168864884
0.033239488241573176
0.032144911165038745
0.03262475135425726
0.03379758077363173
0.0353975219031175
0.03527763413886229
0.03382134941716989
0.03440444660683473
0.03481346171349287
0.03552966712663571
0.03578626638899247
0.03522629534204801
0.03673570225636164
0.036925145809849104
0.03595720055202643
0.034915321121613184
0.03607540437330802
0.03858884246399005
0.03836799497405688
0.03832909303406874
0.03825779179732005
0.03818600205083688
0.03850692026317119
0.03808846374352773
0.03728374760597944
0.038007021298011145
0.03809296796719233
0.03815754443407059
0.03810532969733079
0.03660956883182128
0.035925281854967274
0.03534740418195725
0.03524855243662993
0.03548021179934343
0.03439263254404068
0.0358303631345431
0.03664963718503714
0.0376696103438735
0.03675849484900633
0.03640116721391678
0.036346535384655
0.03436991807073355
0.034817659370601176
0.03556738015264273
0.033893901718159515
0.0350287032375733
0.03512334508200487
0.03598786888023218
0.03612425745775302
0.035315626189112666
0.034815110291043914
0.0349420236920317
0.03594617041448752
0.036935753027598064
0.03614968548218409
0.0360562638938427
0.035375203813115756
0.03524894117067257
0.03626707884172598
0.03404227287818988
0.03568054373065631
0.0352074021846056
0.03524564869701862
0.03582423899322748
0.036174950922528905
0.036845796356598536
0.03643866691738367
0.03563017554581165
0.03450967618574699
0.035409660091002784
0.03525404135386149
0.03477493258814017
0.0363902672752738
0.03694652787099282
0.03626863293349743
0.03539971556514501
0.03398061639318863
0.0329485422372818
0.034993026976784074
0.035517939801017445
0.035098344745735324
0.034479882940649985
0.03458189065257708
0.034091849153240525
0.032897837733229005
0.032526209304730096
0.034998447882632414
0.034249021460612615
0.035199913705388705
0.03523610195765892
0.03505229768653711
0.03545295680562655
0.03609231830885013
0.03551663555204868
0.03625773514310519
0.03534962149957816
0.035544171531995135
0.03500677190721035
0.03520293572296699
0.034989208802580836
0.03478103466331959
0.03375813093036413
0.03499488833049933
0.03408685366312663
0.03444504650930564
0.03610767247776191
0.037692457139492035
0.03696420627335707
0.037992763568957644
0.0373100637520353
0.03819063243766626
0.038560736253857614
0.038151196638743085
0.03675700500607491
0.03659895685811838
0.036200925856828686
0.036657104715704915
0.03771547349790732
0.036531307473778724
0.0367488973091046
0.03873954147100449
0.035495314225554464
0.03533582443992297
0.03703072761495908
0.037386881038546566
0.03812570893516143
0.03865184679627418
0.03805538408458233
0.03672676506141821
0.03725861708323161
0.03564125187695026
0.036329791160921256
0.03716943023105462
0.03731021905938784
0.03621939482788245
0.037030821566780406
0.037200463190674785
0.03754892469694217
0.036869596714774765
0.03665842133263747
0.035997310740252336
0.03725261641045412
0.035908846979339916
0.036741205217937625
0.03621729304393133
0.03744993989666303
0.03856362211207549
0.03739842695494493
0.03721755906939506
0.03578866795947155
0.03550424506266912
0.0345565594236056
0.03563651909430822
0.034652920067310335
0.03457192180057367
0.03295408888409535
0.03337684581677119
0.034747522721687955
0.034220968261361125
0.03505009648700555
0.03547317529718081
0.03565041624009609
0.0355680471410354
0.03562949933111668
0.03487873906890551
0.03564358947177728
0.03632359969119231
0.0343161013474067
0.036143441423773764
0.037118031630913415
0.03748805716633797
0.03682251363992691
0.03549515920380751
0.03528018760184447
0.03689674769838651
0.03539606548845768
0.03495584920048714
0.0362706212947766
0.03556375020494064
0.036926167483131093
0.03810781339804332
0.037666130835811294
0.03885487912843625
0.03943406494955222
0.03790375689665477
0.037575299392143886
0.03641470745205879
0.03577756529053052
0.0368680585672458
0.03703187478085359
0.03776666526993116
0.037739136094848316
0.03607510027786096
0.03591742639740308
0.035121905306975044
0.036314533191422624
0.03613225584228834
0.03594284469882647
0.03631572296222051
0.03605406428376834
0.03599819771945476
0.03571822809676329
0.03561529400448005
0.03516866517563661
0.03537189391752084
0.0344900714357694
0.034755753129720686
0.03575066198905309
0.036932088856895764
0.03758706177274386
0.03868344744046529
0.038760714444021384
0.036402629564205806
0.03671384332080682
0.03768058570722739
0.036991487443447116
0.037020788143078485
0.036411987220247584
0.036720247194170955
0.036118591179450356
0.03573467043538888
0.03361655872315168
0.03540985518445571
0.034605224641660846
0.035316213692227996
0.03609617526332538
0.0354040914773941
0.036004299918810524
0.035665933613975846
0.035674858217438064
0.03586557667702436
0.03439038264254729
0.03520177827527126
0.03541532834370931
0.03506378759940465
0.03340313992152611
0.0347888000930349
0.03490076457460722
0.03514133892953396
0.03425316282858451
0.03462667112549146
0.03528571113944054
0.03586416291693846
0.03663470834493637
0.03800571339825789
0.038635245089729625
0.03827809326350689
0.03790103902419408
0.0370920213808616
0.03480398669838905
0.03471121077736219
0.034670096014936765
0.03395177943011125
0.03484484794239203
0.034341821471850074
0.03295632438113292
0.035704641242822015
0.03585450998196999
0.03631529639164607
0.03528394820789496
0.03601732301215331
0.03706125614543756
0.03662932718793551
0.035631998553872106
0.03537365208069483
0.03609565537422896
0.03718693494796753
0.03651827552666267
0.035186663617690406
0.03572183559338252
0.03622439607977867
0.03569764897227287
0.035454654072721796
0.03451256456474463
0.0342878129829963
0.034116571793953575
0.0360591185092926
0.03564406432211399
0.03655428486565749
0.03524459960560004
0.03723560936748981
0.03759153445561727
0.037083738868435225
0.03666628538320462
0.03610291360567013
0.03709553088992834
0.03710398557285468
0.036940787360072135
0.035736186082164445
0.035447890907526015
0.035856880570451416
0.035506463535130026
0.03582939530412356
0.03496176458895207
0.03472581949084997
0.03508792196710905
0.03516427816202243
0.034998840863506
0.034538331056634584
0.034855846787492435
0.036289251086612545
0.03635019652545452
0.03612593439718088
0.036450322270393375
0.035287337563931945
0.03403913059582313
0.03448278905202945
0.03338716246187687
0.03544960466523965
0.036451668217778205
0.03553648014863332
0.03521287150681019
0.036086787755290665
0.03718650164703528
0.037354804600278534
0.03606165600319704
0.034693766807516416
0.0335425652936101
0.03291635934263468
0.03316604758302371
0.03425713652124007
0.03543237847586473
0.03645664752771457
0.03578279646734397
0.03460795237372319
0.035163498843709624
0.034246734778086346
0.033085596685608225
0.03372897842278083
0.03523494634777308
0.035208802024523415
0.036222026348114014
0.035650173276662825
0.03516045489658912
0.0360433795551459
0.03599264621734619
0.0372583948324124
0.036470484882593156
0.036926060145099956
0.03842515587806702
0.0388321332881848
0.038973287741343184
0.03775593706717094
0.037608668108781176
0.037884568274021146
0.0374863650649786
0.035703084593017895
0.033933071320255595
0.034616176038980484
0.035379820776482426
0.03553911735614141
0.036451668068766596
0.036478001015881695
0.03740719505896171
0.03813229590654373
0.03766449692348639
0.036472402264674506
0.03616684425622225
0.035481912543376286
0.036382064384718735
0.037435443475842475
0.0369437396650513
0.036788021711011726
0.036612019762396815
0.03607421137392521
0.03488592033584913
0.03452911784251531
0.03576395787298679
0.03548066022495429
0.03611241380373637
0.035785369103153546
0.03638067911068599
0.03667898592849572
0.0358363176882267
0.03549691538016001
0.03425799957166115
0.03382927343249321
0.03551241065065066
0.03469086368878682
0.033668325965603194
0.03429150273402532
0.03508980638037125
0.03430480134983858
0.03406342958410581
0.03489104501903057
0.03461435275773207
0.03540572283168634
0.03521955907344818
0.03527478583157063
0.03532322939485311
0.03525259455045064
0.03399640658249458
0.03378971057633559
0.03423979667325815
0.034172134088973204
0.03751399494707584
0.04012224776049455
0.039399222408731775
0.03853277842203776
0.03737858428309361
0.0363128895064195
0.03646242454648018
0.03586091967920462
0.037156391367316244
0.03629636384546757
0.03421343629558881
0.032159044841925305
0.032903225446740784
0.033417085533340773
0.03394741910199324
0.03469004530459643
0.0359919635206461
0.034402833233277
0.03494630099584659
0.0356525922442476
0.03535567512114843
0.036437678498526416
0.03621433258056641
0.03543203388651212
0.03494280189275742
0.03571800192197164
0.03718873935441176
0.036755300673345724
0.04116032090038061
0.03724202819168568
0.03759952823321024
0.038514264697829884
0.03783769180377324
0.038528084804614386
0.03819354397555192
0.03719759879012902
0.03630459941923618
0.035893216679493585
0.03535305137435595
0.03454158696035544
0.03521480283389489
0.03654133563240369
0.03532527993122737
0.03603590942919254
0.035398297881086664
0.03620185025036335
0.035446642637252807
0.03561552055180073
0.03832428406924009
0.03667301295946042
0.03601622351755698
0.03640970714390278
0.03648225709795952
0.03643191322684288
0.03545921428749959
0.03688180404404799
0.04007094778120518
0.0394093686590592
0.040342917889356615
0.038842420702179276
0.03878811039030552
0.03885490439832211
0.03616367410868406
0.035675293480356536
0.03682763280967871
0.03523380036155383
0.035169780378540356
0.03570361584424973
0.03481076513727506
0.03494692339251439
0.033979273438453673
0.03519620864341656
0.03607572382936875
0.034825264004369576
0.033815296528240044
0.0344071993107597
0.03333491305510203
0.03519806955009699
0.034941770446797214
0.03377449390788873
0.03455752819776535
0.03527929534514745
0.03565539792180061
0.03517387258509795
0.03629562580337127
0.036207748651504515
0.03623571755985419
0.03613931139310201
0.03538904197514057
0.03509456560015679
0.03735678975780805
0.03705115541815758
0.03728064502278964
0.03722360083212455
0.03703357875347137
0.037031384805838265
0.036298220256964366
0.03512045505146186
0.03771946003039678
0.03659251301238934
0.03605949003249407
0.03685532465577126
0.03597633863488833
0.04182206070671479
0.045518143971761064
0.042132441128293674
0.03982205137610435
0.03811189180860917
0.03687106356024742
0.03677080360551675
0.03596888272712628
0.035742174970606964
0.03650065007309119
0.03533182580024004
0.03495594202230374
0.03638016602645318
0.03762401334941387
0.03701459949215253
0.037361471926172576
0.036977743059396745
0.036379166543483735
0.03659275638560454
0.03745923804740111
0.03787634242326021
0.03784116114179293
0.03684987034648657
0.03796629589051008
0.03638643669585387
0.03668291670580705
0.037741631592313446
0.036342106635371844
0.03663500990718603
0.03726849243044853
0.036315557410319645
0.03722778557489315
0.037749933327237764
0.03748022192468246
0.03630017506579558
0.03589132073024909
0.036387309295435745
0.0367499478533864
0.03620159509281318
0.03679485616584619
0.03642818855742613
0.036314790931840736
0.035813304632902145
0.03565935265272856
0.03538790665566921
0.03702342150111993
0.036737309359014036
0.0376445218672355
0.03725117053836584
0.03645258267720541
0.03609189999600251
0.03647712926069895
0.03640897154808045
0.036193279723326366
0.035894086348513765
0.036804619592924914
0.03674812557796637
0.03623493641614914
0.03612123625973861
0.0350526704142491
0.034900302017728486
0.035064072832465175
0.035059678504864376
0.03551749902466933
0.03516279383252064
0.03603628035634756
0.03637294297417005
0.03774512035151323
0.038951440726717315
0.038784641847014426
0.03800516165792942
0.03767570356527964
0.037269355828563375
0.037797846818963685
0.03683322461942832
0.036304020831982295
0.03462311490128438
0.035059740965565044
0.034006624867518744
0.033599109239876274
0.03439361055692037
0.03487885388235251
0.03550492636859417
0.036285162443916004
0.03741507321596146
0.036138110309839246
0.03541088499128819
0.036373449911673864
0.03553512538472811
0.035329692363739014
0.03579784698784352
0.036193527777989704
0.03701227416594823
0.03676228993882735
0.03754633590579033
0.036293419090410076
0.03692073782285055
0.03741569701582193
0.03630324753622214
0.036581229430933795
0.035879483707249166
0.036429697449008626
0.038021319458882014
0.03726734680434068
0.03526391347249349
0.03403761730839809
0.033589735502998035
0.03480515596767267
0.03471262918164333
0.03386229525009791
0.03362678224841754
0.03597787780066331
0.0357535873601834
0.036328728273510934
0.03642050620168447
0.03707425812880198
0.03574407768746217
